1.000000,1.000000
1.000600,24.000000
1.001200,256.000000
1.001800,256.000000
1.002400,256.000000
1.003000,256.000000
1.003600,256.000000
1.004200,256.000000
1.004800,256.000000
1.005400,256.000000
1.006000,256.000000
1.006600,256.000000
1.007200,256.000000
1.007800,256.000000
1.008400,256.000000
1.009000,256.000000
1.009600,256.000000
1.010200,256.000000
1.010800,256.000000
1.011400,256.000000
1.012000,256.000000
1.012600,256.000000
1.013200,256.000000
1.013800,256.000000
1.014400,256.000000
1.015000,256.000000
1.015600,256.000000
1.016200,256.000000
1.016800,256.000000
1.017400,256.000000
1.018000,256.000000
1.018600,256.000000
1.019200,256.000000
1.019800,256.000000
1.020400,256.000000
1.021000,256.000000
1.021600,256.000000
1.022200,256.000000
1.022800,256.000000
1.023400,256.000000
1.024000,256.000000
1.024600,256.000000
1.025200,256.000000
1.025800,256.000000
1.026400,256.000000
1.027000,256.000000
1.027600,256.000000
1.028200,256.000000
1.028800,256.000000
1.029400,256.000000
1.030000,256.000000
1.030600,256.000000
1.031200,256.000000
1.031800,256.000000
1.032400,256.000000
1.033000,256.000000
1.033600,256.000000
1.034200,256.000000
1.034800,256.000000
1.035400,256.000000
1.036000,256.000000
1.036600,256.000000
1.037200,256.000000
1.037800,256.000000
1.038400,256.000000
1.039000,256.000000
1.039600,256.000000
1.040200,256.000000
1.040800,256.000000
1.041400,256.000000
1.042000,256.000000
1.042600,256.000000
1.043200,256.000000
1.043800,256.000000
1.044400,256.000000
1.045000,256.000000
1.045600,256.000000
1.046200,256.000000
1.046800,256.000000
1.047400,256.000000
1.048000,256.000000
1.048600,256.000000
1.049200,256.000000
1.049800,256.000000
1.050400,256.000000
1.051000,256.000000
1.051600,256.000000
1.052200,256.000000
1.052800,256.000000
1.053400,256.000000
1.054000,256.000000
1.054600,256.000000
1.055200,256.000000
1.055800,256.000000
1.056400,256.000000
1.057000,256.000000
1.057600,256.000000
1.058200,256.000000
1.058800,256.000000
1.059400,256.000000
1.060000,256.000000
1.060600,256.000000
1.061200,256.000000
1.061800,256.000000
1.062400,256.000000
1.063000,256.000000
1.063600,256.000000
1.064200,256.000000
1.064800,256.000000
1.065400,256.000000
1.066000,256.000000
1.066600,256.000000
1.067200,256.000000
1.067800,256.000000
1.068400,256.000000
1.069000,256.000000
1.069600,256.000000
1.070200,256.000000
1.070800,256.000000
1.071400,256.000000
1.072000,256.000000
1.072600,256.000000
1.073200,256.000000
1.073800,256.000000
1.074400,256.000000
1.075000,256.000000
1.075600,256.000000
1.076200,256.000000
1.076800,256.000000
1.077400,256.000000
1.078000,256.000000
1.078600,256.000000
1.079200,256.000000
1.079800,256.000000
1.080400,256.000000
1.081000,256.000000
1.081600,256.000000
1.082200,256.000000
1.082800,256.000000
1.083400,256.000000
1.084000,256.000000
1.084600,256.000000
1.085200,256.000000
1.085800,256.000000
1.086400,256.000000
1.087000,256.000000
1.087600,256.000000
1.088200,256.000000
1.088800,256.000000
1.089400,256.000000
1.090000,256.000000
1.090600,256.000000
1.091200,256.000000
1.091800,256.000000
1.092400,256.000000
1.093000,256.000000
1.093600,256.000000
1.094200,256.000000
1.094800,256.000000
1.095400,256.000000
1.096000,256.000000
1.096600,256.000000
1.097200,256.000000
1.097800,256.000000
1.098400,256.000000
1.099000,256.000000
1.099600,256.000000
1.100200,256.000000
1.100800,256.000000
1.101400,256.000000
1.102000,256.000000
1.102600,256.000000
1.103200,256.000000
1.103800,256.000000
1.104400,256.000000
1.105000,256.000000
1.105600,256.000000
1.106200,256.000000
1.106800,256.000000
1.107400,256.000000
1.108000,256.000000
1.108600,256.000000
1.109200,256.000000
1.109800,256.000000
1.110400,256.000000
1.111000,256.000000
1.111600,256.000000
1.112200,256.000000
1.112800,256.000000
1.113400,256.000000
1.114000,256.000000
1.114600,256.000000
1.115200,256.000000
1.115800,256.000000
1.116400,256.000000
1.117000,256.000000
1.117600,256.000000
1.118200,256.000000
1.118800,256.000000
1.119400,256.000000
1.120000,256.000000
1.120600,256.000000
1.121200,256.000000
1.121800,256.000000
1.122400,256.000000
1.123000,256.000000
1.123600,256.000000
1.124200,256.000000
1.124800,256.000000
1.125400,256.000000
1.126000,256.000000
1.126600,256.000000
1.127200,256.000000
1.127800,256.000000
1.128400,256.000000
1.129000,256.000000
1.129600,256.000000
1.130200,256.000000
1.130800,256.000000
1.131400,256.000000
1.132000,256.000000
1.132600,256.000000
1.133200,256.000000
1.133800,256.000000
1.134400,256.000000
1.135000,256.000000
1.135600,256.000000
1.136200,256.000000
1.136800,256.000000
1.137400,256.000000
1.138000,256.000000
1.138600,256.000000
1.139200,256.000000
1.139800,256.000000
1.140400,256.000000
1.141000,256.000000
1.141600,256.000000
1.142200,256.000000
1.142800,256.000000
1.143400,256.000000
1.144000,256.000000
1.144600,256.000000
1.145200,256.000000
1.145800,256.000000
1.146400,256.000000
1.147000,256.000000
1.147600,256.000000
1.148200,256.000000
1.148800,256.000000
1.149400,256.000000
1.150000,256.000000
1.150600,256.000000
1.151200,256.000000
1.151800,256.000000
1.152400,256.000000
1.153000,256.000000
1.153600,256.000000
1.154200,256.000000
1.154800,256.000000
1.155400,256.000000
1.156000,256.000000
1.156600,256.000000
1.157200,256.000000
1.157800,256.000000
1.158400,256.000000
1.159000,256.000000
1.159600,256.000000
1.160200,256.000000
1.160800,256.000000
1.161400,256.000000
1.162000,256.000000
1.162600,256.000000
1.163200,256.000000
1.163800,256.000000
1.164400,256.000000
1.165000,256.000000
1.165600,256.000000
1.166200,256.000000
1.166800,256.000000
1.167400,256.000000
1.168000,256.000000
1.168600,256.000000
1.169200,256.000000
1.169800,256.000000
1.170400,256.000000
1.171000,256.000000
1.171600,256.000000
1.172200,256.000000
1.172800,256.000000
1.173400,256.000000
1.174000,256.000000
1.174600,256.000000
1.175200,256.000000
1.175800,256.000000
1.176400,256.000000
1.177000,256.000000
1.177600,256.000000
1.178200,256.000000
1.178800,256.000000
1.179400,256.000000
1.180000,256.000000
1.180600,256.000000
1.181200,256.000000
1.181800,256.000000
1.182400,256.000000
1.183000,256.000000
1.183600,256.000000
1.184200,256.000000
1.184800,256.000000
1.185400,256.000000
1.186000,256.000000
1.186600,256.000000
1.187200,256.000000
1.187800,256.000000
1.188400,256.000000
1.189000,256.000000
1.189600,256.000000
1.190200,256.000000
1.190800,256.000000
1.191400,256.000000
1.192000,256.000000
1.192600,256.000000
1.193200,256.000000
1.193800,256.000000
1.194400,256.000000
1.195000,256.000000
1.195600,256.000000
1.196200,256.000000
1.196800,256.000000
1.197400,256.000000
1.198000,256.000000
1.198600,256.000000
1.199200,256.000000
1.199800,256.000000
1.200400,256.000000
1.201000,256.000000
1.201600,256.000000
1.202200,256.000000
1.202800,256.000000
1.203400,256.000000
1.204000,256.000000
1.204600,256.000000
1.205200,256.000000
1.205800,256.000000
1.206400,256.000000
1.207000,256.000000
1.207600,256.000000
1.208200,256.000000
1.208800,256.000000
1.209400,256.000000
1.210000,256.000000
1.210600,256.000000
1.211200,256.000000
1.211800,256.000000
1.212400,256.000000
1.213000,256.000000
1.213600,256.000000
1.214200,256.000000
1.214800,256.000000
1.215400,256.000000
1.216000,256.000000
1.216600,256.000000
1.217200,256.000000
1.217800,256.000000
1.218400,256.000000
1.219000,256.000000
1.219600,256.000000
1.220200,256.000000
1.220800,256.000000
1.221400,256.000000
1.222000,256.000000
1.222600,256.000000
1.223200,256.000000
1.223800,256.000000
1.224400,256.000000
1.225000,256.000000
1.225600,256.000000
1.226200,256.000000
1.226800,256.000000
1.227400,256.000000
1.228000,256.000000
1.228600,256.000000
1.229200,256.000000
1.229800,256.000000
1.230400,256.000000
1.231000,256.000000
1.231600,256.000000
1.232200,256.000000
1.232800,256.000000
1.233400,256.000000
1.234000,256.000000
1.234600,256.000000
1.235200,256.000000
1.235800,256.000000
1.236400,256.000000
1.237000,256.000000
1.237600,256.000000
1.238200,256.000000
1.238800,256.000000
1.239400,256.000000
1.240000,256.000000
1.240600,256.000000
1.241200,256.000000
1.241800,256.000000
1.242400,256.000000
1.243000,256.000000
1.243600,256.000000
1.244200,256.000000
1.244800,256.000000
1.245400,256.000000
1.246000,256.000000
1.246600,256.000000
1.247200,256.000000
1.247800,256.000000
1.248400,256.000000
1.249000,256.000000
1.249600,256.000000
1.250200,256.000000
1.250800,256.000000
1.251400,256.000000
1.252000,256.000000
1.252600,256.000000
1.253200,256.000000
1.253800,256.000000
1.254400,256.000000
1.255000,256.000000
1.255600,256.000000
1.256200,256.000000
1.256800,256.000000
1.257400,256.000000
1.258000,256.000000
1.258600,256.000000
1.259200,256.000000
1.259800,256.000000
1.260400,256.000000
1.261000,256.000000
1.261600,256.000000
1.262200,256.000000
1.262800,256.000000
1.263400,256.000000
1.264000,256.000000
1.264600,256.000000
1.265200,256.000000
1.265800,256.000000
1.266400,256.000000
1.267000,256.000000
1.267600,256.000000
1.268200,256.000000
1.268800,256.000000
1.269400,256.000000
1.270000,256.000000
1.270600,256.000000
1.271200,256.000000
1.271800,256.000000
1.272400,256.000000
1.273000,256.000000
1.273600,256.000000
1.274200,256.000000
1.274800,256.000000
1.275400,256.000000
1.276000,256.000000
1.276600,256.000000
1.277200,256.000000
1.277800,256.000000
1.278400,256.000000
1.279000,256.000000
1.279600,256.000000
1.280200,256.000000
1.280800,256.000000
1.281400,256.000000
1.282000,256.000000
1.282600,256.000000
1.283200,256.000000
1.283800,256.000000
1.284400,256.000000
1.285000,256.000000
1.285600,256.000000
1.286200,256.000000
1.286800,256.000000
1.287400,256.000000
1.288000,256.000000
1.288600,256.000000
1.289200,256.000000
1.289800,256.000000
1.290400,256.000000
1.291000,256.000000
1.291600,256.000000
1.292200,256.000000
1.292800,256.000000
1.293400,256.000000
1.294000,256.000000
1.294600,256.000000
1.295200,256.000000
1.295800,256.000000
1.296400,256.000000
1.297000,256.000000
1.297600,256.000000
1.298200,256.000000
1.298800,256.000000
1.299400,256.000000
1.300000,256.000000
1.300600,256.000000
1.301200,256.000000
1.301800,256.000000
1.302400,256.000000
1.303000,256.000000
1.303600,256.000000
1.304200,256.000000
1.304800,256.000000
1.305400,256.000000
1.306000,256.000000
1.306600,256.000000
1.307200,256.000000
1.307800,256.000000
1.308400,256.000000
1.309000,256.000000
1.309600,256.000000
1.310200,256.000000
1.310800,256.000000
1.311400,256.000000
1.312000,256.000000
1.312600,256.000000
1.313200,256.000000
1.313800,256.000000
1.314400,256.000000
1.315000,256.000000
1.315600,256.000000
1.316200,256.000000
1.316800,256.000000
1.317400,256.000000
1.318000,256.000000
1.318600,256.000000
1.319200,256.000000
1.319800,256.000000
1.320400,256.000000
1.321000,256.000000
1.321600,256.000000
1.322200,256.000000
1.322800,256.000000
1.323400,256.000000
1.324000,256.000000
1.324600,256.000000
1.325200,256.000000
1.325800,256.000000
1.326400,256.000000
1.327000,256.000000
1.327600,256.000000
1.328200,256.000000
1.328800,256.000000
1.329400,256.000000
1.330000,256.000000
1.330600,256.000000
1.331200,256.000000
1.331800,256.000000
1.332400,256.000000
1.333000,256.000000
1.333600,256.000000
1.334200,256.000000
1.334800,256.000000
1.335400,256.000000
1.336000,256.000000
1.336600,256.000000
1.337200,256.000000
1.337800,256.000000
1.338400,256.000000
1.339000,256.000000
1.339600,256.000000
1.340200,256.000000
1.340800,256.000000
1.341400,256.000000
1.342000,256.000000
1.342600,256.000000
1.343200,256.000000
1.343800,256.000000
1.344400,256.000000
1.345000,256.000000
1.345600,256.000000
1.346200,256.000000
1.346800,256.000000
1.347400,256.000000
1.348000,256.000000
1.348600,256.000000
1.349200,256.000000
1.349800,256.000000
1.350400,256.000000
1.351000,256.000000
1.351600,256.000000
1.352200,256.000000
1.352800,256.000000
1.353400,256.000000
1.354000,256.000000
1.354600,256.000000
1.355200,256.000000
1.355800,256.000000
1.356400,256.000000
1.357000,256.000000
1.357600,256.000000
1.358200,256.000000
1.358800,256.000000
1.359400,256.000000
1.360000,256.000000
1.360600,256.000000
1.361200,256.000000
1.361800,256.000000
1.362400,256.000000
1.363000,256.000000
1.363600,256.000000
1.364200,256.000000
1.364800,256.000000
1.365400,256.000000
1.366000,256.000000
1.366600,256.000000
1.367200,256.000000
1.367800,256.000000
1.368400,256.000000
1.369000,256.000000
1.369600,256.000000
1.370200,256.000000
1.370800,256.000000
1.371400,256.000000
1.372000,256.000000
1.372600,256.000000
1.373200,256.000000
1.373800,256.000000
1.374400,256.000000
1.375000,256.000000
1.375600,256.000000
1.376200,256.000000
1.376800,256.000000
1.377400,256.000000
1.378000,256.000000
1.378600,256.000000
1.379200,256.000000
1.379800,256.000000
1.380400,256.000000
1.381000,256.000000
1.381600,256.000000
1.382200,256.000000
1.382800,256.000000
1.383400,256.000000
1.384000,256.000000
1.384600,256.000000
1.385200,256.000000
1.385800,256.000000
1.386400,256.000000
1.387000,256.000000
1.387600,256.000000
1.388200,256.000000
1.388800,256.000000
1.389400,256.000000
1.390000,256.000000
1.390600,256.000000
1.391200,256.000000
1.391800,256.000000
1.392400,256.000000
1.393000,256.000000
1.393600,256.000000
1.394200,256.000000
1.394800,256.000000
1.395400,256.000000
1.396000,256.000000
1.396600,256.000000
1.397200,256.000000
1.397800,256.000000
1.398400,256.000000
1.399000,256.000000
1.399600,256.000000
1.400200,256.000000
1.400800,256.000000
1.401400,256.000000
1.402000,256.000000
1.402600,256.000000
1.403200,256.000000
1.403800,256.000000
1.404400,256.000000
1.405000,256.000000
1.405600,256.000000
1.406200,256.000000
1.406800,256.000000
1.407400,256.000000
1.408000,256.000000
1.408600,256.000000
1.409200,256.000000
1.409800,256.000000
1.410400,256.000000
1.411000,256.000000
1.411600,256.000000
1.412200,256.000000
1.412800,256.000000
1.413400,256.000000
1.414000,256.000000
1.414600,256.000000
1.415200,256.000000
1.415800,256.000000
1.416400,256.000000
1.417000,256.000000
1.417600,256.000000
1.418200,256.000000
1.418800,256.000000
1.419400,256.000000
1.420000,256.000000
1.420600,256.000000
1.421200,256.000000
1.421800,256.000000
1.422400,256.000000
1.423000,256.000000
1.423600,256.000000
1.424200,256.000000
1.424800,256.000000
1.425400,256.000000
1.426000,256.000000
1.426600,256.000000
1.427200,256.000000
1.427800,256.000000
1.428400,256.000000
1.429000,256.000000
1.429600,256.000000
1.430200,256.000000
1.430800,256.000000
1.431400,256.000000
1.432000,256.000000
1.432600,256.000000
1.433200,256.000000
1.433800,256.000000
1.434400,256.000000
1.435000,256.000000
1.435600,256.000000
1.436200,256.000000
1.436800,256.000000
1.437400,256.000000
1.438000,256.000000
1.438600,256.000000
1.439200,256.000000
1.439800,256.000000
1.440400,256.000000
1.441000,256.000000
1.441600,256.000000
1.442200,256.000000
1.442800,256.000000
1.443400,256.000000
1.444000,256.000000
1.444600,256.000000
1.445200,256.000000
1.445800,256.000000
1.446400,256.000000
1.447000,256.000000
1.447600,256.000000
1.448200,256.000000
1.448800,256.000000
1.449400,256.000000
1.450000,256.000000
1.450600,256.000000
1.451200,256.000000
1.451800,256.000000
1.452400,256.000000
1.453000,256.000000
1.453600,256.000000
1.454200,256.000000
1.454800,256.000000
1.455400,256.000000
1.456000,256.000000
1.456600,256.000000
1.457200,256.000000
1.457800,256.000000
1.458400,256.000000
1.459000,256.000000
1.459600,256.000000
1.460200,256.000000
1.460800,256.000000
1.461400,256.000000
1.462000,256.000000
1.462600,256.000000
1.463200,256.000000
1.463800,256.000000
1.464400,256.000000
1.465000,256.000000
1.465600,256.000000
1.466200,256.000000
1.466800,256.000000
1.467400,256.000000
1.468000,256.000000
1.468600,256.000000
1.469200,256.000000
1.469800,256.000000
1.470400,256.000000
1.471000,256.000000
1.471600,256.000000
1.472200,256.000000
1.472800,256.000000
1.473400,256.000000
1.474000,256.000000
1.474600,256.000000
1.475200,256.000000
1.475800,256.000000
1.476400,256.000000
1.477000,256.000000
1.477600,256.000000
1.478200,256.000000
1.478800,256.000000
1.479400,256.000000
1.480000,256.000000
1.480600,256.000000
1.481200,256.000000
1.481800,256.000000
1.482400,256.000000
1.483000,256.000000
1.483600,256.000000
1.484200,256.000000
1.484800,256.000000
1.485400,256.000000
1.486000,256.000000
1.486600,256.000000
1.487200,256.000000
1.487800,256.000000
1.488400,256.000000
1.489000,256.000000
1.489600,256.000000
1.490200,256.000000
1.490800,256.000000
1.491400,256.000000
1.492000,256.000000
1.492600,256.000000
1.493200,256.000000
1.493800,256.000000
1.494400,256.000000
1.495000,256.000000
1.495600,256.000000
1.496200,256.000000
1.496800,256.000000
1.497400,256.000000
1.498000,256.000000
1.498600,256.000000
1.499200,256.000000
1.499800,256.000000
1.500400,256.000000
1.501000,256.000000
1.501600,256.000000
1.502200,256.000000
1.502800,256.000000
1.503400,256.000000
1.504000,256.000000
1.504600,256.000000
1.505200,256.000000
1.505800,256.000000
1.506400,256.000000
1.507000,256.000000
1.507600,256.000000
1.508200,256.000000
1.508800,256.000000
1.509400,256.000000
1.510000,256.000000
1.510600,256.000000
1.511200,256.000000
1.511800,256.000000
1.512400,256.000000
1.513000,256.000000
1.513600,256.000000
1.514200,256.000000
1.514800,256.000000
1.515400,256.000000
1.516000,256.000000
1.516600,256.000000
1.517200,256.000000
1.517800,256.000000
1.518400,256.000000
1.519000,256.000000
1.519600,256.000000
1.520200,256.000000
1.520800,256.000000
1.521400,256.000000
1.522000,256.000000
1.522600,256.000000
1.523200,256.000000
1.523800,256.000000
1.524400,256.000000
1.525000,256.000000
1.525600,256.000000
1.526200,256.000000
1.526800,256.000000
1.527400,256.000000
1.528000,256.000000
1.528600,256.000000
1.529200,256.000000
1.529800,256.000000
1.530400,256.000000
1.531000,256.000000
1.531600,256.000000
1.532200,256.000000
1.532800,256.000000
1.533400,256.000000
1.534000,256.000000
1.534600,256.000000
1.535200,256.000000
1.535800,256.000000
1.536400,256.000000
1.537000,256.000000
1.537600,256.000000
1.538200,256.000000
1.538800,256.000000
1.539400,256.000000
1.540000,256.000000
1.540600,256.000000
1.541200,256.000000
1.541800,256.000000
1.542400,256.000000
1.543000,256.000000
1.543600,256.000000
1.544200,256.000000
1.544800,256.000000
1.545400,256.000000
1.546000,256.000000
1.546600,256.000000
1.547200,256.000000
1.547800,256.000000
1.548400,256.000000
1.549000,256.000000
1.549600,256.000000
1.550200,256.000000
1.550800,256.000000
1.551400,256.000000
1.552000,256.000000
1.552600,256.000000
1.553200,256.000000
1.553800,256.000000
1.554400,256.000000
1.555000,256.000000
1.555600,256.000000
1.556200,256.000000
1.556800,256.000000
1.557400,256.000000
1.558000,256.000000
1.558600,256.000000
1.559200,256.000000
1.559800,256.000000
1.560400,256.000000
1.561000,256.000000
1.561600,256.000000
1.562200,256.000000
1.562800,256.000000
1.563400,256.000000
1.564000,256.000000
1.564600,256.000000
1.565200,256.000000
1.565800,256.000000
1.566400,256.000000
1.567000,256.000000
1.567600,256.000000
1.568200,256.000000
1.568800,256.000000
1.569400,256.000000
1.570000,256.000000
1.570600,256.000000
1.571200,256.000000
1.571800,256.000000
1.572400,256.000000
1.573000,256.000000
1.573600,256.000000
1.574200,256.000000
1.574800,256.000000
1.575400,256.000000
1.576000,256.000000
1.576600,256.000000
1.577200,256.000000
1.577800,256.000000
1.578400,256.000000
1.579000,256.000000
1.579600,256.000000
1.580200,256.000000
1.580800,256.000000
1.581400,256.000000
1.582000,256.000000
1.582600,256.000000
1.583200,256.000000
1.583800,256.000000
1.584400,256.000000
1.585000,256.000000
1.585600,256.000000
1.586200,256.000000
1.586800,256.000000
1.587400,256.000000
1.588000,256.000000
1.588600,256.000000
1.589200,256.000000
1.589800,256.000000
1.590400,256.000000
1.591000,256.000000
1.591600,256.000000
1.592200,256.000000
1.592800,256.000000
1.593400,256.000000
1.594000,256.000000
1.594600,256.000000
1.595200,256.000000
1.595800,256.000000
1.596400,256.000000
1.597000,256.000000
1.597600,256.000000
1.598200,256.000000
1.598800,256.000000
1.599400,256.000000
1.600000,256.000000
1.600600,256.000000
1.601200,256.000000
1.601800,256.000000
1.602400,256.000000
1.603000,256.000000
1.603600,256.000000
1.604200,256.000000
1.604800,256.000000
1.605400,256.000000
1.606000,256.000000
1.606600,256.000000
1.607200,256.000000
1.607800,256.000000
1.608400,256.000000
1.609000,256.000000
1.609600,256.000000
1.610200,256.000000
1.610800,256.000000
1.611400,256.000000
1.612000,256.000000
1.612600,256.000000
1.613200,256.000000
1.613800,256.000000
1.614400,256.000000
1.615000,256.000000
1.615600,256.000000
1.616200,256.000000
1.616800,256.000000
1.617400,256.000000
1.618000,256.000000
1.618600,256.000000
1.619200,256.000000
1.619800,256.000000
1.620400,256.000000
1.621000,256.000000
1.621600,256.000000
1.622200,256.000000
1.622800,256.000000
1.623400,256.000000
1.624000,256.000000
1.624600,256.000000
1.625200,256.000000
1.625800,256.000000
1.626400,256.000000
1.627000,256.000000
1.627600,256.000000
1.628200,256.000000
1.628800,256.000000
1.629400,256.000000
1.630000,256.000000
1.630600,256.000000
1.631200,256.000000
1.631800,256.000000
1.632400,256.000000
1.633000,256.000000
1.633600,256.000000
1.634200,256.000000
1.634800,256.000000
1.635400,256.000000
1.636000,256.000000
1.636600,256.000000
1.637200,256.000000
1.637800,256.000000
1.638400,256.000000
1.639000,256.000000
1.639600,256.000000
1.640200,256.000000
1.640800,256.000000
1.641400,256.000000
1.642000,256.000000
1.642600,256.000000
1.643200,256.000000
1.643800,256.000000
1.644400,256.000000
1.645000,256.000000
1.645600,256.000000
1.646200,256.000000
1.646800,256.000000
1.647400,256.000000
1.648000,256.000000
1.648600,256.000000
1.649200,256.000000
1.649800,256.000000
1.650400,256.000000
1.651000,256.000000
1.651600,256.000000
1.652200,256.000000
1.652800,256.000000
1.653400,256.000000
1.654000,256.000000
1.654600,256.000000
1.655200,256.000000
1.655800,256.000000
1.656400,256.000000
1.657000,256.000000
1.657600,256.000000
1.658200,256.000000
1.658800,256.000000
1.659400,256.000000
1.660000,256.000000
1.660600,256.000000
1.661200,256.000000
1.661800,256.000000
1.662400,256.000000
1.663000,256.000000
1.663600,256.000000
1.664200,256.000000
1.664800,256.000000
1.665400,256.000000
1.666000,256.000000
1.666600,256.000000
1.667200,256.000000
1.667800,256.000000
1.668400,256.000000
1.669000,256.000000
1.669600,256.000000
1.670200,256.000000
1.670800,256.000000
1.671400,256.000000
1.672000,256.000000
1.672600,256.000000
1.673200,256.000000
1.673800,256.000000
1.674400,256.000000
1.675000,256.000000
1.675600,256.000000
1.676200,256.000000
1.676800,256.000000
1.677400,256.000000
1.678000,256.000000
1.678600,256.000000
1.679200,256.000000
1.679800,256.000000
1.680400,256.000000
1.681000,256.000000
1.681600,256.000000
1.682200,256.000000
1.682800,256.000000
1.683400,256.000000
1.684000,256.000000
1.684600,256.000000
1.685200,256.000000
1.685800,256.000000
1.686400,256.000000
1.687000,256.000000
1.687600,256.000000
1.688200,256.000000
1.688800,256.000000
1.689400,256.000000
1.690000,256.000000
1.690600,256.000000
1.691200,256.000000
1.691800,256.000000
1.692400,256.000000
1.693000,256.000000
1.693600,256.000000
1.694200,256.000000
1.694800,256.000000
1.695400,256.000000
1.696000,256.000000
1.696600,256.000000
1.697200,256.000000
1.697800,256.000000
1.698400,256.000000
1.699000,256.000000
1.699600,256.000000
1.700200,256.000000
1.700800,256.000000
1.701400,256.000000
1.702000,256.000000
1.702600,256.000000
1.703200,256.000000
1.703800,256.000000
1.704400,256.000000
1.705000,256.000000
1.705600,256.000000
1.706200,256.000000
1.706800,256.000000
1.707400,256.000000
1.708000,256.000000
1.708600,256.000000
1.709200,256.000000
1.709800,256.000000
1.710400,256.000000
1.711000,256.000000
1.711600,256.000000
1.712200,256.000000
1.712800,256.000000
1.713400,256.000000
1.714000,256.000000
1.714600,256.000000
1.715200,256.000000
1.715800,256.000000
1.716400,256.000000
1.717000,256.000000
1.717600,256.000000
1.718200,256.000000
1.718800,256.000000
1.719400,256.000000
1.720000,256.000000
1.720600,256.000000
1.721200,256.000000
1.721800,256.000000
1.722400,256.000000
1.723000,256.000000
1.723600,256.000000
1.724200,256.000000
1.724800,256.000000
1.725400,256.000000
1.726000,256.000000
1.726600,256.000000
1.727200,256.000000
1.727800,256.000000
1.728400,256.000000
1.729000,256.000000
1.729600,256.000000
1.730200,256.000000
1.730800,256.000000
1.731400,256.000000
1.732000,256.000000
1.732600,256.000000
1.733200,256.000000
1.733800,256.000000
1.734400,256.000000
1.735000,256.000000
1.735600,256.000000
1.736200,256.000000
1.736800,256.000000
1.737400,256.000000
1.738000,256.000000
1.738600,256.000000
1.739200,256.000000
1.739800,256.000000
1.740400,256.000000
1.741000,256.000000
1.741600,256.000000
1.742200,256.000000
1.742800,256.000000
1.743400,256.000000
1.744000,256.000000
1.744600,256.000000
1.745200,256.000000
1.745800,256.000000
1.746400,256.000000
1.747000,256.000000
1.747600,256.000000
1.748200,256.000000
1.748800,256.000000
1.749400,256.000000
1.750000,256.000000
1.750600,256.000000
1.751200,256.000000
1.751800,256.000000
1.752400,256.000000
1.753000,256.000000
1.753600,256.000000
1.754200,256.000000
1.754800,256.000000
1.755400,256.000000
1.756000,256.000000
1.756600,256.000000
1.757200,256.000000
1.757800,256.000000
1.758400,256.000000
1.759000,256.000000
1.759600,256.000000
1.760200,256.000000
1.760800,256.000000
1.761400,256.000000
1.762000,256.000000
1.762600,256.000000
1.763200,256.000000
1.763800,256.000000
1.764400,256.000000
1.765000,256.000000
1.765600,256.000000
1.766200,256.000000
1.766800,256.000000
1.767400,256.000000
1.768000,256.000000
1.768600,256.000000
1.769200,256.000000
1.769800,256.000000
1.770400,256.000000
1.771000,256.000000
1.771600,256.000000
1.772200,256.000000
1.772800,256.000000
1.773400,256.000000
1.774000,256.000000
1.774600,256.000000
1.775200,256.000000
1.775800,256.000000
1.776400,256.000000
1.777000,256.000000
1.777600,256.000000
1.778200,256.000000
1.778800,256.000000
1.779400,256.000000
1.780000,256.000000
1.780600,256.000000
1.781200,256.000000
1.781800,256.000000
1.782400,256.000000
1.783000,256.000000
1.783600,256.000000
1.784200,256.000000
1.784800,256.000000
1.785400,256.000000
1.786000,256.000000
1.786600,256.000000
1.787200,256.000000
1.787800,256.000000
1.788400,256.000000
1.789000,256.000000
1.789600,256.000000
1.790200,256.000000
1.790800,256.000000
1.791400,256.000000
1.792000,256.000000
1.792600,256.000000
1.793200,256.000000
1.793800,256.000000
1.794400,256.000000
1.795000,256.000000
1.795600,256.000000
1.796200,256.000000
1.796800,256.000000
1.797400,256.000000
1.798000,256.000000
1.798600,256.000000
1.799200,256.000000
1.799800,256.000000
1.800400,256.000000
1.801000,256.000000
1.801600,256.000000
1.802200,256.000000
1.802800,256.000000
1.803400,256.000000
1.804000,256.000000
1.804600,256.000000
1.805200,256.000000
1.805800,256.000000
1.806400,256.000000
1.807000,256.000000
1.807600,256.000000
1.808200,256.000000
1.808800,256.000000
1.809400,256.000000
1.810000,256.000000
1.810600,256.000000
1.811200,256.000000
1.811800,256.000000
1.812400,256.000000
1.813000,256.000000
1.813600,256.000000
1.814200,256.000000
1.814800,256.000000
1.815400,256.000000
1.816000,256.000000
1.816600,256.000000
1.817200,256.000000
1.817800,256.000000
1.818400,256.000000
1.819000,256.000000
1.819600,256.000000
1.820200,256.000000
1.820800,256.000000
1.821400,256.000000
1.822000,256.000000
1.822600,256.000000
1.823200,256.000000
1.823800,256.000000
1.824400,256.000000
1.825000,256.000000
1.825600,256.000000
1.826200,256.000000
1.826800,256.000000
1.827400,256.000000
1.828000,256.000000
1.828600,256.000000
1.829200,256.000000
1.829800,256.000000
1.830400,256.000000
1.831000,256.000000
1.831600,256.000000
1.832200,256.000000
1.832800,256.000000
1.833400,256.000000
1.834000,256.000000
1.834600,256.000000
1.835200,256.000000
1.835800,256.000000
1.836400,256.000000
1.837000,256.000000
1.837600,256.000000
1.838200,256.000000
1.838800,256.000000
1.839400,256.000000
1.840000,256.000000
1.840600,256.000000
1.841200,256.000000
1.841800,256.000000
1.842400,256.000000
1.843000,256.000000
1.843600,256.000000
1.844200,256.000000
1.844800,256.000000
1.845400,256.000000
1.846000,256.000000
1.846600,256.000000
1.847200,256.000000
1.847800,256.000000
1.848400,256.000000
1.849000,256.000000
1.849600,256.000000
1.850200,256.000000
1.850800,256.000000
1.851400,256.000000
1.852000,256.000000
1.852600,256.000000
1.853200,256.000000
1.853800,256.000000
1.854400,256.000000
1.855000,256.000000
1.855600,256.000000
1.856200,256.000000
1.856800,256.000000
1.857400,256.000000
1.858000,256.000000
1.858600,256.000000
1.859200,256.000000
1.859800,256.000000
1.860400,256.000000
1.861000,256.000000
1.861600,256.000000
1.862200,256.000000
1.862800,256.000000
1.863400,256.000000
1.864000,256.000000
1.864600,256.000000
1.865200,256.000000
1.865800,256.000000
1.866400,256.000000
1.867000,256.000000
1.867600,256.000000
1.868200,256.000000
1.868800,256.000000
1.869400,256.000000
1.870000,256.000000
1.870600,256.000000
1.871200,256.000000
1.871800,256.000000
1.872400,256.000000
1.873000,256.000000
1.873600,256.000000
1.874200,256.000000
1.874800,256.000000
1.875400,256.000000
1.876000,256.000000
1.876600,256.000000
1.877200,256.000000
1.877800,256.000000
1.878400,256.000000
1.879000,256.000000
1.879600,256.000000
1.880200,256.000000
1.880800,256.000000
1.881400,256.000000
1.882000,256.000000
1.882600,256.000000
1.883200,256.000000
1.883800,256.000000
1.884400,256.000000
1.885000,256.000000
1.885600,256.000000
1.886200,256.000000
1.886800,256.000000
1.887400,256.000000
1.888000,256.000000
1.888600,256.000000
1.889200,256.000000
1.889800,256.000000
1.890400,256.000000
1.891000,256.000000
1.891600,256.000000
1.892200,256.000000
1.892800,256.000000
1.893400,256.000000
1.894000,256.000000
1.894600,256.000000
1.895200,256.000000
1.895800,256.000000
1.896400,256.000000
1.897000,256.000000
1.897600,256.000000
1.898200,256.000000
1.898800,256.000000
1.899400,256.000000
1.900000,256.000000
1.900600,256.000000
1.901200,256.000000
1.901800,256.000000
1.902400,256.000000
1.903000,256.000000
1.903600,256.000000
1.904200,256.000000
1.904800,256.000000
1.905400,256.000000
1.906000,256.000000
1.906600,256.000000
1.907200,256.000000
1.907800,256.000000
1.908400,256.000000
1.909000,256.000000
1.909600,256.000000
1.910200,256.000000
1.910800,256.000000
1.911400,256.000000
1.912000,256.000000
1.912600,256.000000
1.913200,256.000000
1.913800,256.000000
1.914400,256.000000
1.915000,256.000000
1.915600,256.000000
1.916200,256.000000
1.916800,256.000000
1.917400,256.000000
1.918000,256.000000
1.918600,256.000000
1.919200,256.000000
1.919800,256.000000
1.920400,256.000000
1.921000,256.000000
1.921600,256.000000
1.922200,256.000000
1.922800,256.000000
1.923400,256.000000
1.924000,256.000000
1.924600,256.000000
1.925200,256.000000
1.925800,256.000000
1.926400,256.000000
1.927000,256.000000
1.927600,256.000000
1.928200,256.000000
1.928800,256.000000
1.929400,256.000000
1.930000,256.000000
1.930600,256.000000
1.931200,256.000000
1.931800,256.000000
1.932400,256.000000
1.933000,256.000000
1.933600,256.000000
1.934200,256.000000
1.934800,256.000000
1.935400,256.000000
1.936000,256.000000
1.936600,256.000000
1.937200,256.000000
1.937800,256.000000
1.938400,256.000000
1.939000,256.000000
1.939600,256.000000
1.940200,256.000000
1.940800,256.000000
1.941400,256.000000
1.942000,256.000000
1.942600,256.000000
1.943200,256.000000
1.943800,256.000000
1.944400,256.000000
1.945000,256.000000
1.945600,256.000000
1.946200,256.000000
1.946800,256.000000
1.947400,256.000000
1.948000,256.000000
1.948600,256.000000
1.949200,256.000000
1.949800,256.000000
1.950400,256.000000
1.951000,256.000000
1.951600,256.000000
1.952200,256.000000
1.952800,256.000000
1.953400,256.000000
1.954000,256.000000
1.954600,256.000000
1.955200,256.000000
1.955800,256.000000
1.956400,256.000000
1.957000,256.000000
1.957600,256.000000
1.958200,256.000000
1.958800,256.000000
1.959400,256.000000
1.960000,256.000000
1.960600,256.000000
1.961200,256.000000
1.961800,256.000000
1.962400,256.000000
1.963000,256.000000
1.963600,256.000000
1.964200,256.000000
1.964800,256.000000
1.965400,256.000000
1.966000,256.000000
1.966600,256.000000
1.967200,256.000000
1.967800,256.000000
1.968400,256.000000
1.969000,256.000000
1.969600,256.000000
1.970200,256.000000
1.970800,256.000000
1.971400,256.000000
1.972000,256.000000
1.972600,256.000000
1.973200,256.000000
1.973800,256.000000
1.974400,256.000000
1.975000,256.000000
1.975600,256.000000
1.976200,256.000000
1.976800,256.000000
1.977400,256.000000
1.978000,256.000000
1.978600,256.000000
1.979200,256.000000
1.979800,256.000000
1.980400,256.000000
1.981000,256.000000
1.981600,256.000000
1.982200,256.000000
1.982800,256.000000
1.983400,256.000000
1.984000,256.000000
1.984600,256.000000
1.985200,256.000000
1.985800,256.000000
1.986400,256.000000
1.987000,256.000000
1.987600,256.000000
1.988200,256.000000
1.988800,256.000000
1.989400,256.000000
1.990000,256.000000
1.990600,256.000000
1.991200,256.000000
1.991800,256.000000
1.992400,256.000000
1.993000,256.000000
1.993600,256.000000
1.994200,256.000000
1.994800,256.000000
1.995400,256.000000
1.996000,256.000000
1.996600,256.000000
1.997200,256.000000
1.997800,256.000000
1.998400,256.000000
1.999000,256.000000
1.999600,256.000000
2.000200,256.000000
2.000800,256.000000
2.001400,256.000000
2.002000,256.000000
2.002600,256.000000
2.003200,256.000000
2.003800,256.000000
2.004400,256.000000
2.005000,256.000000
2.005600,256.000000
2.006200,256.000000
2.006800,256.000000
2.007400,256.000000
2.008000,256.000000
2.008600,256.000000
2.009200,256.000000
2.009800,256.000000
2.010400,256.000000
2.011000,256.000000
2.011600,256.000000
2.012200,256.000000
2.012800,256.000000
2.013400,256.000000
2.014000,256.000000
2.014600,256.000000
2.015200,256.000000
2.015800,256.000000
2.016400,256.000000
2.017000,256.000000
2.017600,256.000000
2.018200,256.000000
2.018800,256.000000
2.019400,256.000000
2.020000,256.000000
2.020600,256.000000
2.021200,256.000000
2.021800,256.000000
2.022400,256.000000
2.023000,256.000000
2.023600,256.000000
2.024200,256.000000
2.024800,256.000000
2.025400,256.000000
2.026000,256.000000
2.026600,256.000000
2.027200,256.000000
2.027800,256.000000
2.028400,256.000000
2.029000,256.000000
2.029600,256.000000
2.030200,256.000000
2.030800,256.000000
2.031400,256.000000
2.032000,256.000000
2.032600,256.000000
2.033200,256.000000
2.033800,256.000000
2.034400,256.000000
2.035000,256.000000
2.035600,256.000000
2.036200,256.000000
2.036800,256.000000
2.037400,256.000000
2.038000,256.000000
2.038600,256.000000
2.039200,256.000000
2.039800,256.000000
2.040400,256.000000
2.041000,256.000000
2.041600,256.000000
2.042200,256.000000
2.042800,256.000000
2.043400,256.000000
2.044000,256.000000
2.044600,256.000000
2.045200,256.000000
2.045800,256.000000
2.046400,256.000000
2.047000,256.000000
2.047600,256.000000
2.048200,256.000000
2.048800,256.000000
2.049400,256.000000
2.050000,256.000000
2.050600,256.000000
2.051200,256.000000
2.051800,256.000000
2.052400,256.000000
2.053000,256.000000
2.053600,256.000000
2.054200,256.000000
2.054800,256.000000
2.055400,256.000000
2.056000,256.000000
2.056600,256.000000
2.057200,256.000000
2.057800,256.000000
2.058400,256.000000
2.059000,256.000000
2.059600,256.000000
2.060200,256.000000
2.060800,256.000000
2.061400,256.000000
2.062000,256.000000
2.062600,256.000000
2.063200,256.000000
2.063800,256.000000
2.064400,256.000000
2.065000,256.000000
2.065600,256.000000
2.066200,256.000000
2.066800,256.000000
2.067400,256.000000
2.068000,256.000000
2.068600,256.000000
2.069200,256.000000
2.069800,256.000000
2.070400,256.000000
2.071000,256.000000
2.071600,256.000000
2.072200,256.000000
2.072800,256.000000
2.073400,256.000000
2.074000,256.000000
2.074600,256.000000
2.075200,256.000000
2.075800,256.000000
2.076400,256.000000
2.077000,256.000000
2.077600,256.000000
2.078200,256.000000
2.078800,256.000000
2.079400,256.000000
2.080000,256.000000
2.080600,256.000000
2.081200,256.000000
2.081800,256.000000
2.082400,256.000000
2.083000,256.000000
2.083600,256.000000
2.084200,256.000000
2.084800,256.000000
2.085400,256.000000
2.086000,256.000000
2.086600,256.000000
2.087200,256.000000
2.087800,256.000000
2.088400,256.000000
2.089000,256.000000
2.089600,256.000000
2.090200,256.000000
2.090800,256.000000
2.091400,256.000000
2.092000,256.000000
2.092600,256.000000
2.093200,256.000000
2.093800,256.000000
2.094400,256.000000
2.095000,256.000000
2.095600,256.000000
2.096200,256.000000
2.096800,256.000000
2.097400,256.000000
2.098000,256.000000
2.098600,256.000000
2.099200,256.000000
2.099800,256.000000
2.100400,256.000000
2.101000,256.000000
2.101600,256.000000
2.102200,256.000000
2.102800,256.000000
2.103400,256.000000
2.104000,256.000000
2.104600,256.000000
2.105200,256.000000
2.105800,256.000000
2.106400,256.000000
2.107000,256.000000
2.107600,256.000000
2.108200,256.000000
2.108800,256.000000
2.109400,256.000000
2.110000,256.000000
2.110600,256.000000
2.111200,256.000000
2.111800,256.000000
2.112400,256.000000
2.113000,256.000000
2.113600,256.000000
2.114200,256.000000
2.114800,256.000000
2.115400,256.000000
2.116000,256.000000
2.116600,256.000000
2.117200,256.000000
2.117800,256.000000
2.118400,256.000000
2.119000,256.000000
2.119600,256.000000
2.120200,256.000000
2.120800,256.000000
2.121400,256.000000
2.122000,256.000000
2.122600,256.000000
2.123200,256.000000
2.123800,256.000000
2.124400,256.000000
2.125000,256.000000
2.125600,256.000000
2.126200,256.000000
2.126800,256.000000
2.127400,256.000000
2.128000,256.000000
2.128600,256.000000
2.129200,256.000000
2.129800,256.000000
2.130400,256.000000
2.131000,256.000000
2.131600,256.000000
2.132200,256.000000
2.132800,256.000000
2.133400,256.000000
2.134000,256.000000
2.134600,256.000000
2.135200,256.000000
2.135800,256.000000
2.136400,256.000000
2.137000,256.000000
2.137600,256.000000
2.138200,256.000000
2.138800,256.000000
2.139400,256.000000
2.140000,256.000000
2.140600,256.000000
2.141200,256.000000
2.141800,256.000000
2.142400,256.000000
2.143000,256.000000
2.143600,256.000000
2.144200,256.000000
2.144800,256.000000
2.145400,256.000000
2.146000,256.000000
2.146600,256.000000
2.147200,256.000000
2.147800,256.000000
2.148400,256.000000
2.149000,256.000000
2.149600,256.000000
2.150200,256.000000
2.150800,256.000000
2.151400,256.000000
2.152000,256.000000
2.152600,256.000000
2.153200,256.000000
2.153800,256.000000
2.154400,256.000000
2.155000,256.000000
2.155600,256.000000
2.156200,256.000000
2.156800,256.000000
2.157400,256.000000
2.158000,256.000000
2.158600,256.000000
2.159200,256.000000
2.159800,256.000000
2.160400,256.000000
2.161000,256.000000
2.161600,256.000000
2.162200,256.000000
2.162800,256.000000
2.163400,256.000000
2.164000,256.000000
2.164600,256.000000
2.165200,256.000000
2.165800,256.000000
2.166400,256.000000
2.167000,256.000000
2.167600,256.000000
2.168200,256.000000
2.168800,256.000000
2.169400,256.000000
2.170000,256.000000
2.170600,256.000000
2.171200,256.000000
2.171800,256.000000
2.172400,256.000000
2.173000,256.000000
2.173600,256.000000
2.174200,256.000000
2.174800,256.000000
2.175400,256.000000
2.176000,256.000000
2.176600,256.000000
2.177200,256.000000
2.177800,256.000000
2.178400,256.000000
2.179000,256.000000
2.179600,256.000000
2.180200,256.000000
2.180800,256.000000
2.181400,256.000000
2.182000,256.000000
2.182600,256.000000
2.183200,256.000000
2.183800,256.000000
2.184400,256.000000
2.185000,256.000000
2.185600,256.000000
2.186200,256.000000
2.186800,256.000000
2.187400,256.000000
2.188000,256.000000
2.188600,256.000000
2.189200,256.000000
2.189800,256.000000
2.190400,256.000000
2.191000,256.000000
2.191600,256.000000
2.192200,256.000000
2.192800,256.000000
2.193400,256.000000
2.194000,256.000000
2.194600,256.000000
2.195200,256.000000
2.195800,256.000000
2.196400,256.000000
2.197000,256.000000
2.197600,256.000000
2.198200,256.000000
2.198800,256.000000
2.199400,256.000000
2.200000,256.000000
2.200600,256.000000
2.201200,256.000000
2.201800,256.000000
2.202400,256.000000
2.203000,256.000000
2.203600,256.000000
2.204200,256.000000
2.204800,256.000000
2.205400,256.000000
2.206000,256.000000
2.206600,256.000000
2.207200,256.000000
2.207800,256.000000
2.208400,256.000000
2.209000,256.000000
2.209600,256.000000
2.210200,256.000000
2.210800,256.000000
2.211400,256.000000
2.212000,256.000000
2.212600,256.000000
2.213200,256.000000
2.213800,256.000000
2.214400,256.000000
2.215000,256.000000
2.215600,256.000000
2.216200,256.000000
2.216800,256.000000
2.217400,256.000000
2.218000,256.000000
2.218600,256.000000
2.219200,256.000000
2.219800,256.000000
2.220400,256.000000
2.221000,256.000000
2.221600,256.000000
2.222200,256.000000
2.222800,256.000000
2.223400,256.000000
2.224000,256.000000
2.224600,256.000000
2.225200,256.000000
2.225800,256.000000
2.226400,256.000000
2.227000,256.000000
2.227600,256.000000
2.228200,256.000000
2.228800,256.000000
2.229400,256.000000
2.230000,256.000000
2.230600,256.000000
2.231200,256.000000
2.231800,256.000000
2.232400,256.000000
2.233000,256.000000
2.233600,256.000000
2.234200,256.000000
2.234800,256.000000
2.235400,256.000000
2.236000,256.000000
2.236600,256.000000
2.237200,256.000000
2.237800,256.000000
2.238400,256.000000
2.239000,256.000000
2.239600,256.000000
2.240200,256.000000
2.240800,256.000000
2.241400,256.000000
2.242000,256.000000
2.242600,256.000000
2.243200,256.000000
2.243800,256.000000
2.244400,256.000000
2.245000,256.000000
2.245600,256.000000
2.246200,256.000000
2.246800,256.000000
2.247400,256.000000
2.248000,256.000000
2.248600,256.000000
2.249200,256.000000
2.249800,256.000000
2.250400,256.000000
2.251000,256.000000
2.251600,256.000000
2.252200,256.000000
2.252800,256.000000
2.253400,256.000000
2.254000,256.000000
2.254600,256.000000
2.255200,256.000000
2.255800,256.000000
2.256400,256.000000
2.257000,256.000000
2.257600,256.000000
2.258200,256.000000
2.258800,256.000000
2.259400,256.000000
2.260000,256.000000
2.260600,256.000000
2.261200,256.000000
2.261800,256.000000
2.262400,256.000000
2.263000,256.000000
2.263600,256.000000
2.264200,256.000000
2.264800,256.000000
2.265400,256.000000
2.266000,256.000000
2.266600,256.000000
2.267200,256.000000
2.267800,256.000000
2.268400,256.000000
2.269000,256.000000
2.269600,256.000000
2.270200,256.000000
2.270800,256.000000
2.271400,256.000000
2.272000,256.000000
2.272600,256.000000
2.273200,256.000000
2.273800,256.000000
2.274400,256.000000
2.275000,256.000000
2.275600,256.000000
2.276200,256.000000
2.276800,256.000000
2.277400,256.000000
2.278000,256.000000
2.278600,256.000000
2.279200,256.000000
2.279800,256.000000
2.280400,256.000000
2.281000,256.000000
2.281600,256.000000
2.282200,256.000000
2.282800,256.000000
2.283400,256.000000
2.284000,256.000000
2.284600,256.000000
2.285200,256.000000
2.285800,256.000000
2.286400,256.000000
2.287000,256.000000
2.287600,256.000000
2.288200,256.000000
2.288800,256.000000
2.289400,256.000000
2.290000,256.000000
2.290600,256.000000
2.291200,256.000000
2.291800,256.000000
2.292400,256.000000
2.293000,256.000000
2.293600,256.000000
2.294200,256.000000
2.294800,256.000000
2.295400,256.000000
2.296000,256.000000
2.296600,256.000000
2.297200,256.000000
2.297800,256.000000
2.298400,256.000000
2.299000,256.000000
2.299600,256.000000
2.300200,256.000000
2.300800,256.000000
2.301400,256.000000
2.302000,256.000000
2.302600,256.000000
2.303200,256.000000
2.303800,256.000000
2.304400,256.000000
2.305000,256.000000
2.305600,256.000000
2.306200,256.000000
2.306800,256.000000
2.307400,256.000000
2.308000,256.000000
2.308600,256.000000
2.309200,256.000000
2.309800,256.000000
2.310400,256.000000
2.311000,256.000000
2.311600,256.000000
2.312200,256.000000
2.312800,256.000000
2.313400,256.000000
2.314000,256.000000
2.314600,256.000000
2.315200,256.000000
2.315800,256.000000
2.316400,256.000000
2.317000,256.000000
2.317600,256.000000
2.318200,256.000000
2.318800,256.000000
2.319400,256.000000
2.320000,256.000000
2.320600,256.000000
2.321200,256.000000
2.321800,256.000000
2.322400,256.000000
2.323000,256.000000
2.323600,256.000000
2.324200,256.000000
2.324800,256.000000
2.325400,256.000000
2.326000,256.000000
2.326600,256.000000
2.327200,256.000000
2.327800,256.000000
2.328400,256.000000
2.329000,256.000000
2.329600,256.000000
2.330200,256.000000
2.330800,256.000000
2.331400,256.000000
2.332000,256.000000
2.332600,256.000000
2.333200,256.000000
2.333800,256.000000
2.334400,256.000000
2.335000,256.000000
2.335600,256.000000
2.336200,256.000000
2.336800,256.000000
2.337400,256.000000
2.338000,256.000000
2.338600,256.000000
2.339200,256.000000
2.339800,256.000000
2.340400,256.000000
2.341000,256.000000
2.341600,256.000000
2.342200,256.000000
2.342800,256.000000
2.343400,256.000000
2.344000,256.000000
2.344600,256.000000
2.345200,256.000000
2.345800,256.000000
2.346400,256.000000
2.347000,256.000000
2.347600,256.000000
2.348200,256.000000
2.348800,256.000000
2.349400,256.000000
2.350000,256.000000
2.350600,256.000000
2.351200,256.000000
2.351800,256.000000
2.352400,256.000000
2.353000,256.000000
2.353600,256.000000
2.354200,256.000000
2.354800,256.000000
2.355400,256.000000
2.356000,256.000000
2.356600,256.000000
2.357200,256.000000
2.357800,256.000000
2.358400,256.000000
2.359000,256.000000
2.359600,256.000000
2.360200,256.000000
2.360800,256.000000
2.361400,256.000000
2.362000,256.000000
2.362600,256.000000
2.363200,256.000000
2.363800,256.000000
2.364400,256.000000
2.365000,256.000000
2.365600,256.000000
2.366200,256.000000
2.366800,256.000000
2.367400,256.000000
2.368000,256.000000
2.368600,256.000000
2.369200,256.000000
2.369800,256.000000
2.370400,256.000000
2.371000,256.000000
2.371600,256.000000
2.372200,256.000000
2.372800,256.000000
2.373400,256.000000
2.374000,256.000000
2.374600,256.000000
2.375200,256.000000
2.375800,256.000000
2.376400,256.000000
2.377000,256.000000
2.377600,256.000000
2.378200,256.000000
2.378800,256.000000
2.379400,256.000000
2.380000,256.000000
2.380600,256.000000
2.381200,256.000000
2.381800,256.000000
2.382400,256.000000
2.383000,256.000000
2.383600,256.000000
2.384200,256.000000
2.384800,256.000000
2.385400,256.000000
2.386000,256.000000
2.386600,256.000000
2.387200,256.000000
2.387800,256.000000
2.388400,256.000000
2.389000,256.000000
2.389600,256.000000
2.390200,256.000000
2.390800,256.000000
2.391400,256.000000
2.392000,256.000000
2.392600,256.000000
2.393200,256.000000
2.393800,256.000000
2.394400,256.000000
2.395000,256.000000
2.395600,256.000000
2.396200,256.000000
2.396800,256.000000
2.397400,256.000000
2.398000,256.000000
2.398600,256.000000
2.399200,256.000000
2.399800,256.000000
2.400400,256.000000
2.401000,256.000000
2.401600,256.000000
2.402200,256.000000
2.402800,256.000000
2.403400,256.000000
2.404000,256.000000
2.404600,256.000000
2.405200,256.000000
2.405800,256.000000
2.406400,256.000000
2.407000,256.000000
2.407600,256.000000
2.408200,256.000000
2.408800,256.000000
2.409400,256.000000
2.410000,256.000000
2.410600,256.000000
2.411200,256.000000
2.411800,256.000000
2.412400,256.000000
2.413000,256.000000
2.413600,256.000000
2.414200,256.000000
2.414800,256.000000
2.415400,256.000000
2.416000,256.000000
2.416600,256.000000
2.417200,256.000000
2.417800,256.000000
2.418400,256.000000
2.419000,256.000000
2.419600,256.000000
2.420200,256.000000
2.420800,256.000000
2.421400,256.000000
2.422000,256.000000
2.422600,256.000000
2.423200,256.000000
2.423800,256.000000
2.424400,256.000000
2.425000,256.000000
2.425600,256.000000
2.426200,256.000000
2.426800,256.000000
2.427400,256.000000
2.428000,256.000000
2.428600,256.000000
2.429200,256.000000
2.429800,256.000000
2.430400,256.000000
2.431000,256.000000
2.431600,256.000000
2.432200,256.000000
2.432800,256.000000
2.433400,256.000000
2.434000,256.000000
2.434600,256.000000
2.435200,256.000000
2.435800,256.000000
2.436400,256.000000
2.437000,256.000000
2.437600,256.000000
2.438200,256.000000
2.438800,256.000000
2.439400,256.000000
2.440000,256.000000
2.440600,256.000000
2.441200,256.000000
2.441800,256.000000
2.442400,256.000000
2.443000,256.000000
2.443600,256.000000
2.444200,256.000000
2.444800,256.000000
2.445400,256.000000
2.446000,256.000000
2.446600,256.000000
2.447200,256.000000
2.447800,256.000000
2.448400,256.000000
2.449000,256.000000
2.449600,256.000000
2.450200,256.000000
2.450800,256.000000
2.451400,256.000000
2.452000,256.000000
2.452600,256.000000
2.453200,256.000000
2.453800,256.000000
2.454400,256.000000
2.455000,256.000000
2.455600,256.000000
2.456200,256.000000
2.456800,256.000000
2.457400,256.000000
2.458000,256.000000
2.458600,256.000000
2.459200,256.000000
2.459800,256.000000
2.460400,256.000000
2.461000,256.000000
2.461600,256.000000
2.462200,256.000000
2.462800,256.000000
2.463400,256.000000
2.464000,256.000000
2.464600,256.000000
2.465200,256.000000
2.465800,256.000000
2.466400,256.000000
2.467000,256.000000
2.467600,256.000000
2.468200,256.000000
2.468800,256.000000
2.469400,256.000000
2.470000,256.000000
2.470600,256.000000
2.471200,256.000000
2.471800,256.000000
2.472400,256.000000
2.473000,256.000000
2.473600,256.000000
2.474200,256.000000
2.474800,256.000000
2.475400,256.000000
2.476000,256.000000
2.476600,256.000000
2.477200,256.000000
2.477800,256.000000
2.478400,256.000000
2.479000,256.000000
2.479600,256.000000
2.480200,256.000000
2.480800,256.000000
2.481400,256.000000
2.482000,256.000000
2.482600,256.000000
2.483200,256.000000
2.483800,256.000000
2.484400,256.000000
2.485000,256.000000
2.485600,256.000000
2.486200,256.000000
2.486800,256.000000
2.487400,256.000000
2.488000,256.000000
2.488600,256.000000
2.489200,256.000000
2.489800,256.000000
2.490400,256.000000
2.491000,256.000000
2.491600,256.000000
2.492200,256.000000
2.492800,256.000000
2.493400,256.000000
2.494000,256.000000
2.494600,256.000000
2.495200,256.000000
2.495800,256.000000
2.496400,256.000000
2.497000,256.000000
2.497600,256.000000
2.498200,256.000000
2.498800,256.000000
2.499400,256.000000
2.500000,256.000000
2.500600,256.000000
2.501200,256.000000
2.501800,256.000000
2.502400,256.000000
2.503000,256.000000
2.503600,256.000000
2.504200,256.000000
2.504800,256.000000
2.505400,256.000000
2.506000,256.000000
2.506600,256.000000
2.507200,256.000000
2.507800,256.000000
2.508400,256.000000
2.509000,256.000000
2.509600,256.000000
2.510200,256.000000
2.510800,256.000000
2.511400,256.000000
2.512000,256.000000
2.512600,256.000000
2.513200,256.000000
2.513800,256.000000
2.514400,256.000000
2.515000,256.000000
2.515600,256.000000
2.516200,256.000000
2.516800,256.000000
2.517400,256.000000
2.518000,256.000000
2.518600,256.000000
2.519200,256.000000
2.519800,256.000000
2.520400,256.000000
2.521000,256.000000
2.521600,256.000000
2.522200,256.000000
2.522800,256.000000
2.523400,256.000000
2.524000,256.000000
2.524600,256.000000
2.525200,256.000000
2.525800,256.000000
2.526400,256.000000
2.527000,256.000000
2.527600,256.000000
2.528200,256.000000
2.528800,256.000000
2.529400,256.000000
2.530000,256.000000
2.530600,256.000000
2.531200,256.000000
2.531800,256.000000
2.532400,256.000000
2.533000,256.000000
2.533600,256.000000
2.534200,256.000000
2.534800,256.000000
2.535400,256.000000
2.536000,256.000000
2.536600,256.000000
2.537200,256.000000
2.537800,256.000000
2.538400,256.000000
2.539000,256.000000
2.539600,256.000000
2.540200,256.000000
2.540800,256.000000
2.541400,256.000000
2.542000,256.000000
2.542600,256.000000
2.543200,256.000000
2.543800,256.000000
2.544400,256.000000
2.545000,256.000000
2.545600,256.000000
2.546200,256.000000
2.546800,256.000000
2.547400,256.000000
2.548000,256.000000
2.548600,256.000000
2.549200,256.000000
2.549800,256.000000
2.550400,256.000000
2.551000,256.000000
2.551600,256.000000
2.552200,256.000000
2.552800,256.000000
2.553400,256.000000
2.554000,256.000000
2.554600,256.000000
2.555200,256.000000
2.555800,256.000000
2.556400,256.000000
2.557000,256.000000
2.557600,256.000000
2.558200,256.000000
2.558800,256.000000
2.559400,256.000000
2.560000,256.000000
2.560600,256.000000
2.561200,256.000000
2.561800,256.000000
2.562400,256.000000
2.563000,256.000000
2.563600,256.000000
2.564200,256.000000
2.564800,256.000000
2.565400,256.000000
2.566000,256.000000
2.566600,256.000000
2.567200,256.000000
2.567800,256.000000
2.568400,256.000000
2.569000,256.000000
2.569600,256.000000
2.570200,256.000000
2.570800,256.000000
2.571400,256.000000
2.572000,256.000000
2.572600,256.000000
2.573200,256.000000
2.573800,256.000000
2.574400,256.000000
2.575000,256.000000
2.575600,256.000000
2.576200,256.000000
2.576800,256.000000
2.577400,256.000000
2.578000,256.000000
2.578600,256.000000
2.579200,256.000000
2.579800,256.000000
2.580400,256.000000
2.581000,256.000000
2.581600,256.000000
2.582200,256.000000
2.582800,256.000000
2.583400,256.000000
2.584000,256.000000
2.584600,256.000000
2.585200,256.000000
2.585800,256.000000
2.586400,256.000000
2.587000,256.000000
2.587600,256.000000
2.588200,256.000000
2.588800,256.000000
2.589400,256.000000
2.590000,256.000000
2.590600,256.000000
2.591200,256.000000
2.591800,256.000000
2.592400,256.000000
2.593000,256.000000
2.593600,256.000000
2.594200,256.000000
2.594800,256.000000
2.595400,256.000000
2.596000,256.000000
2.596600,256.000000
2.597200,256.000000
2.597800,256.000000
2.598400,256.000000
2.599000,256.000000
2.599600,256.000000
2.600200,256.000000
2.600800,256.000000
2.601400,256.000000
2.602000,256.000000
2.602600,256.000000
2.603200,256.000000
2.603800,256.000000
2.604400,256.000000
2.605000,256.000000
2.605600,256.000000
2.606200,256.000000
2.606800,256.000000
2.607400,256.000000
2.608000,256.000000
2.608600,256.000000
2.609200,256.000000
2.609800,256.000000
2.610400,256.000000
2.611000,256.000000
2.611600,256.000000
2.612200,256.000000
2.612800,256.000000
2.613400,256.000000
2.614000,256.000000
2.614600,256.000000
2.615200,256.000000
2.615800,256.000000
2.616400,256.000000
2.617000,256.000000
2.617600,256.000000
2.618200,256.000000
2.618800,256.000000
2.619400,256.000000
2.620000,256.000000
2.620600,256.000000
2.621200,256.000000
2.621800,256.000000
2.622400,256.000000
2.623000,256.000000
2.623600,256.000000
2.624200,256.000000
2.624800,256.000000
2.625400,256.000000
2.626000,256.000000
2.626600,256.000000
2.627200,256.000000
2.627800,256.000000
2.628400,256.000000
2.629000,256.000000
2.629600,256.000000
2.630200,256.000000
2.630800,256.000000
2.631400,256.000000
2.632000,256.000000
2.632600,256.000000
2.633200,256.000000
2.633800,256.000000
2.634400,256.000000
2.635000,256.000000
2.635600,256.000000
2.636200,256.000000
2.636800,256.000000
2.637400,256.000000
2.638000,256.000000
2.638600,256.000000
2.639200,256.000000
2.639800,256.000000
2.640400,256.000000
2.641000,256.000000
2.641600,256.000000
2.642200,256.000000
2.642800,256.000000
2.643400,256.000000
2.644000,256.000000
2.644600,256.000000
2.645200,256.000000
2.645800,256.000000
2.646400,256.000000
2.647000,256.000000
2.647600,256.000000
2.648200,256.000000
2.648800,256.000000
2.649400,256.000000
2.650000,256.000000
2.650600,256.000000
2.651200,256.000000
2.651800,256.000000
2.652400,256.000000
2.653000,256.000000
2.653600,256.000000
2.654200,256.000000
2.654800,256.000000
2.655400,256.000000
2.656000,256.000000
2.656600,256.000000
2.657200,256.000000
2.657800,256.000000
2.658400,256.000000
2.659000,256.000000
2.659600,256.000000
2.660200,256.000000
2.660800,256.000000
2.661400,256.000000
2.662000,256.000000
2.662600,256.000000
2.663200,256.000000
2.663800,256.000000
2.664400,256.000000
2.665000,256.000000
2.665600,256.000000
2.666200,256.000000
2.666800,256.000000
2.667400,256.000000
2.668000,256.000000
2.668600,256.000000
2.669200,256.000000
2.669800,256.000000
2.670400,256.000000
2.671000,256.000000
2.671600,256.000000
2.672200,256.000000
2.672800,256.000000
2.673400,256.000000
2.674000,256.000000
2.674600,256.000000
2.675200,256.000000
2.675800,256.000000
2.676400,256.000000
2.677000,256.000000
2.677600,256.000000
2.678200,256.000000
2.678800,256.000000
2.679400,256.000000
2.680000,256.000000
2.680600,256.000000
2.681200,256.000000
2.681800,256.000000
2.682400,256.000000
2.683000,256.000000
2.683600,256.000000
2.684200,256.000000
2.684800,256.000000
2.685400,256.000000
2.686000,256.000000
2.686600,256.000000
2.687200,256.000000
2.687800,256.000000
2.688400,256.000000
2.689000,256.000000
2.689600,256.000000
2.690200,256.000000
2.690800,256.000000
2.691400,256.000000
2.692000,256.000000
2.692600,256.000000
2.693200,256.000000
2.693800,256.000000
2.694400,256.000000
2.695000,256.000000
2.695600,256.000000
2.696200,256.000000
2.696800,256.000000
2.697400,256.000000
2.698000,256.000000
2.698600,256.000000
2.699200,256.000000
2.699800,256.000000
2.700400,256.000000
2.701000,256.000000
2.701600,256.000000
2.702200,256.000000
2.702800,256.000000
2.703400,256.000000
2.704000,256.000000
2.704600,256.000000
2.705200,256.000000
2.705800,256.000000
2.706400,256.000000
2.707000,256.000000
2.707600,256.000000
2.708200,256.000000
2.708800,256.000000
2.709400,256.000000
2.710000,256.000000
2.710600,256.000000
2.711200,256.000000
2.711800,256.000000
2.712400,256.000000
2.713000,256.000000
2.713600,256.000000
2.714200,256.000000
2.714800,256.000000
2.715400,256.000000
2.716000,256.000000
2.716600,256.000000
2.717200,256.000000
2.717800,256.000000
2.718400,256.000000
2.719000,256.000000
2.719600,256.000000
2.720200,256.000000
2.720800,256.000000
2.721400,256.000000
2.722000,256.000000
2.722600,256.000000
2.723200,256.000000
2.723800,256.000000
2.724400,256.000000
2.725000,256.000000
2.725600,256.000000
2.726200,256.000000
2.726800,256.000000
2.727400,256.000000
2.728000,256.000000
2.728600,256.000000
2.729200,256.000000
2.729800,256.000000
2.730400,256.000000
2.731000,256.000000
2.731600,256.000000
2.732200,256.000000
2.732800,256.000000
2.733400,256.000000
2.734000,256.000000
2.734600,256.000000
2.735200,256.000000
2.735800,256.000000
2.736400,256.000000
2.737000,256.000000
2.737600,256.000000
2.738200,256.000000
2.738800,256.000000
2.739400,256.000000
2.740000,256.000000
2.740600,256.000000
2.741200,256.000000
2.741800,256.000000
2.742400,256.000000
2.743000,256.000000
2.743600,256.000000
2.744200,256.000000
2.744800,256.000000
2.745400,256.000000
2.746000,256.000000
2.746600,256.000000
2.747200,256.000000
2.747800,256.000000
2.748400,256.000000
2.749000,256.000000
2.749600,256.000000
2.750200,256.000000
2.750800,256.000000
2.751400,256.000000
2.752000,256.000000
2.752600,256.000000
2.753200,256.000000
2.753800,256.000000
2.754400,256.000000
2.755000,256.000000
2.755600,256.000000
2.756200,256.000000
2.756800,256.000000
2.757400,256.000000
2.758000,256.000000
2.758600,256.000000
2.759200,256.000000
2.759800,256.000000
2.760400,256.000000
2.761000,256.000000
2.761600,256.000000
2.762200,256.000000
2.762800,256.000000
2.763400,256.000000
2.764000,256.000000
2.764600,256.000000
2.765200,256.000000
2.765800,256.000000
2.766400,256.000000
2.767000,256.000000
2.767600,256.000000
2.768200,256.000000
2.768800,256.000000
2.769400,256.000000
2.770000,256.000000
2.770600,256.000000
2.771200,256.000000
2.771800,256.000000
2.772400,256.000000
2.773000,256.000000
2.773600,256.000000
2.774200,256.000000
2.774800,256.000000
2.775400,256.000000
2.776000,256.000000
2.776600,256.000000
2.777200,256.000000
2.777800,256.000000
2.778400,256.000000
2.779000,256.000000
2.779600,256.000000
2.780200,256.000000
2.780800,256.000000
2.781400,256.000000
2.782000,256.000000
2.782600,256.000000
2.783200,256.000000
2.783800,256.000000
2.784400,256.000000
2.785000,256.000000
2.785600,256.000000
2.786200,256.000000
2.786800,256.000000
2.787400,256.000000
2.788000,256.000000
2.788600,256.000000
2.789200,256.000000
2.789800,256.000000
2.790400,256.000000
2.791000,256.000000
2.791600,256.000000
2.792200,256.000000
2.792800,256.000000
2.793400,256.000000
2.794000,256.000000
2.794600,256.000000
2.795200,256.000000
2.795800,256.000000
2.796400,256.000000
2.797000,256.000000
2.797600,256.000000
2.798200,256.000000
2.798800,256.000000
2.799400,256.000000
2.800000,256.000000
2.800600,256.000000
2.801200,256.000000
2.801800,256.000000
2.802400,256.000000
2.803000,256.000000
2.803600,256.000000
2.804200,256.000000
2.804800,256.000000
2.805400,256.000000
2.806000,256.000000
2.806600,256.000000
2.807200,256.000000
2.807800,256.000000
2.808400,256.000000
2.809000,256.000000
2.809600,256.000000
2.810200,256.000000
2.810800,256.000000
2.811400,256.000000
2.812000,256.000000
2.812600,256.000000
2.813200,256.000000
2.813800,256.000000
2.814400,256.000000
2.815000,256.000000
2.815600,256.000000
2.816200,256.000000
2.816800,256.000000
2.817400,256.000000
2.818000,256.000000
2.818600,256.000000
2.819200,256.000000
2.819800,256.000000
2.820400,256.000000
2.821000,256.000000
2.821600,256.000000
2.822200,256.000000
2.822800,256.000000
2.823400,256.000000
2.824000,256.000000
2.824600,256.000000
2.825200,256.000000
2.825800,256.000000
2.826400,256.000000
2.827000,256.000000
2.827600,256.000000
2.828200,256.000000
2.828800,256.000000
2.829400,256.000000
2.830000,256.000000
2.830600,256.000000
2.831200,256.000000
2.831800,256.000000
2.832400,256.000000
2.833000,256.000000
2.833600,256.000000
2.834200,256.000000
2.834800,256.000000
2.835400,256.000000
2.836000,256.000000
2.836600,256.000000
2.837200,256.000000
2.837800,256.000000
2.838400,256.000000
2.839000,256.000000
2.839600,256.000000
2.840200,256.000000
2.840800,256.000000
2.841400,256.000000
2.842000,256.000000
2.842600,256.000000
2.843200,256.000000
2.843800,256.000000
2.844400,256.000000
2.845000,256.000000
2.845600,256.000000
2.846200,256.000000
2.846800,256.000000
2.847400,256.000000
2.848000,256.000000
2.848600,256.000000
2.849200,256.000000
2.849800,256.000000
2.850400,256.000000
2.851000,256.000000
2.851600,256.000000
2.852200,256.000000
2.852800,256.000000
2.853400,256.000000
2.854000,256.000000
2.854600,256.000000
2.855200,256.000000
2.855800,256.000000
2.856400,256.000000
2.857000,256.000000
2.857600,256.000000
2.858200,256.000000
2.858800,256.000000
2.859400,256.000000
2.860000,256.000000
2.860600,256.000000
2.861200,256.000000
2.861800,256.000000
2.862400,256.000000
2.863000,256.000000
2.863600,256.000000
2.864200,256.000000
2.864800,256.000000
2.865400,256.000000
2.866000,256.000000
2.866600,256.000000
2.867200,256.000000
2.867800,256.000000
2.868400,256.000000
2.869000,256.000000
2.869600,256.000000
2.870200,256.000000
2.870800,256.000000
2.871400,256.000000
2.872000,256.000000
2.872600,256.000000
2.873200,256.000000
2.873800,256.000000
2.874400,256.000000
2.875000,256.000000
2.875600,256.000000
2.876200,256.000000
2.876800,256.000000
2.877400,256.000000
2.878000,256.000000
2.878600,256.000000
2.879200,256.000000
2.879800,256.000000
2.880400,256.000000
2.881000,256.000000
2.881600,256.000000
2.882200,256.000000
2.882800,256.000000
2.883400,256.000000
2.884000,256.000000
2.884600,256.000000
2.885200,256.000000
2.885800,256.000000
2.886400,256.000000
2.887000,256.000000
2.887600,256.000000
2.888200,256.000000
2.888800,256.000000
2.889400,256.000000
2.890000,256.000000
2.890600,256.000000
2.891200,256.000000
2.891800,256.000000
2.892400,256.000000
2.893000,256.000000
2.893600,256.000000
2.894200,256.000000
2.894800,256.000000
2.895400,256.000000
2.896000,256.000000
2.896600,256.000000
2.897200,256.000000
2.897800,256.000000
2.898400,256.000000
2.899000,256.000000
2.899600,256.000000
2.900200,256.000000
2.900800,256.000000
2.901400,256.000000
2.902000,256.000000
2.902600,256.000000
2.903200,256.000000
2.903800,256.000000
2.904400,256.000000
2.905000,256.000000
2.905600,256.000000
2.906200,256.000000
2.906800,256.000000
2.907400,256.000000
2.908000,256.000000
2.908600,256.000000
2.909200,256.000000
2.909800,256.000000
2.910400,256.000000
2.911000,256.000000
2.911600,256.000000
2.912200,256.000000
2.912800,256.000000
2.913400,256.000000
2.914000,256.000000
2.914600,256.000000
2.915200,256.000000
2.915800,256.000000
2.916400,256.000000
2.917000,256.000000
2.917600,256.000000
2.918200,256.000000
2.918800,256.000000
2.919400,256.000000
2.920000,256.000000
2.920600,256.000000
2.921200,256.000000
2.921800,256.000000
2.922400,256.000000
2.923000,256.000000
2.923600,256.000000
2.924200,256.000000
2.924800,256.000000
2.925400,256.000000
2.926000,256.000000
2.926600,256.000000
2.927200,256.000000
2.927800,256.000000
2.928400,256.000000
2.929000,256.000000
2.929600,256.000000
2.930200,256.000000
2.930800,256.000000
2.931400,256.000000
2.932000,256.000000
2.932600,256.000000
2.933200,256.000000
2.933800,256.000000
2.934400,256.000000
2.935000,256.000000
2.935600,256.000000
2.936200,256.000000
2.936800,256.000000
2.937400,256.000000
2.938000,256.000000
2.938600,256.000000
2.939200,256.000000
2.939800,256.000000
2.940400,256.000000
2.941000,256.000000
2.941600,256.000000
2.942200,256.000000
2.942800,256.000000
2.943400,256.000000
2.944000,256.000000
2.944600,256.000000
2.945200,256.000000
2.945800,256.000000
2.946400,256.000000
2.947000,256.000000
2.947600,256.000000
2.948200,256.000000
2.948800,256.000000
2.949400,256.000000
2.950000,256.000000
2.950600,256.000000
2.951200,256.000000
2.951800,256.000000
2.952400,256.000000
2.953000,256.000000
2.953600,256.000000
2.954200,256.000000
2.954800,256.000000
2.955400,256.000000
2.956000,256.000000
2.956600,256.000000
2.957200,256.000000
2.957800,256.000000
2.958400,256.000000
2.959000,256.000000
2.959600,256.000000
2.960200,256.000000
2.960800,256.000000
2.961400,256.000000
2.962000,256.000000
2.962600,256.000000
2.963200,256.000000
2.963800,256.000000
2.964400,256.000000
2.965000,256.000000
2.965600,256.000000
2.966200,256.000000
2.966800,256.000000
2.967400,256.000000
2.968000,256.000000
2.968600,256.000000
2.969200,256.000000
2.969800,256.000000
2.970400,256.000000
2.971000,256.000000
2.971600,256.000000
2.972200,256.000000
2.972800,256.000000
2.973400,256.000000
2.974000,256.000000
2.974600,256.000000
2.975200,256.000000
2.975800,256.000000
2.976400,256.000000
2.977000,256.000000
2.977600,256.000000
2.978200,256.000000
2.978800,256.000000
2.979400,256.000000
2.980000,256.000000
2.980600,256.000000
2.981200,256.000000
2.981800,256.000000
2.982400,256.000000
2.983000,256.000000
2.983600,256.000000
2.984200,256.000000
2.984800,256.000000
2.985400,256.000000
2.986000,256.000000
2.986600,256.000000
2.987200,256.000000
2.987800,256.000000
2.988400,256.000000
2.989000,256.000000
2.989600,256.000000
2.990200,256.000000
2.990800,256.000000
2.991400,256.000000
2.992000,256.000000
2.992600,256.000000
2.993200,256.000000
2.993800,256.000000
2.994400,256.000000
2.995000,256.000000
2.995600,256.000000
2.996200,256.000000
2.996800,256.000000
2.997400,256.000000
2.998000,256.000000
2.998600,256.000000
2.999200,2.000000
2.999800,256.000000
3.000400,8.000000
3.001000,256.000000
3.001600,256.000000
3.002200,256.000000
3.002800,256.000000
3.003400,256.000000
3.004000,256.000000
3.004600,256.000000
3.005200,256.000000
3.005800,256.000000
3.006400,256.000000
3.007000,256.000000
3.007600,256.000000
3.008200,256.000000
3.008800,256.000000
3.009400,256.000000
3.010000,256.000000
3.010600,256.000000
3.011200,256.000000
3.011800,256.000000
3.012400,256.000000
3.013000,256.000000
3.013600,256.000000
3.014200,256.000000
3.014800,256.000000
3.015400,256.000000
3.016000,256.000000
3.016600,256.000000
3.017200,256.000000
3.017800,256.000000
3.018400,256.000000
3.019000,256.000000
3.019600,256.000000
3.020200,256.000000
3.020800,256.000000
3.021400,256.000000
3.022000,256.000000
3.022600,256.000000
3.023200,256.000000
3.023800,256.000000
3.024400,256.000000
3.025000,256.000000
3.025600,256.000000
3.026200,256.000000
3.026800,256.000000
3.027400,256.000000
3.028000,256.000000
3.028600,256.000000
3.029200,256.000000
3.029800,256.000000
3.030400,256.000000
3.031000,256.000000
3.031600,256.000000
3.032200,256.000000
3.032800,256.000000
3.033400,256.000000
3.034000,256.000000
3.034600,256.000000
3.035200,256.000000
3.035800,256.000000
3.036400,256.000000
3.037000,256.000000
3.037600,256.000000
3.038200,256.000000
3.038800,256.000000
3.039400,256.000000
3.040000,256.000000
3.040600,256.000000
3.041200,256.000000
3.041800,256.000000
3.042400,256.000000
3.043000,256.000000
3.043600,256.000000
3.044200,256.000000
3.044800,256.000000
3.045400,256.000000
3.046000,256.000000
3.046600,256.000000
3.047200,256.000000
3.047800,256.000000
3.048400,256.000000
3.049000,256.000000
3.049600,256.000000
3.050200,256.000000
3.050800,256.000000
3.051400,256.000000
3.052000,256.000000
3.052600,256.000000
3.053200,256.000000
3.053800,256.000000
3.054400,256.000000
3.055000,256.000000
3.055600,256.000000
3.056200,256.000000
3.056800,256.000000
3.057400,256.000000
3.058000,256.000000
3.058600,256.000000
3.059200,256.000000
3.059800,256.000000
3.060400,256.000000
3.061000,256.000000
3.061600,256.000000
3.062200,256.000000
3.062800,256.000000
3.063400,256.000000
3.064000,256.000000
3.064600,256.000000
3.065200,256.000000
3.065800,256.000000
3.066400,256.000000
3.067000,256.000000
3.067600,256.000000
3.068200,256.000000
3.068800,256.000000
3.069400,256.000000
3.070000,256.000000
3.070600,256.000000
3.071200,256.000000
3.071800,256.000000
3.072400,256.000000
3.073000,256.000000
3.073600,256.000000
3.074200,256.000000
3.074800,256.000000
3.075400,256.000000
3.076000,256.000000
3.076600,256.000000
3.077200,256.000000
3.077800,256.000000
3.078400,256.000000
3.079000,256.000000
3.079600,256.000000
3.080200,256.000000
3.080800,256.000000
3.081400,256.000000
3.082000,256.000000
3.082600,256.000000
3.083200,256.000000
3.083800,256.000000
3.084400,256.000000
3.085000,256.000000
3.085600,256.000000
3.086200,256.000000
3.086800,256.000000
3.087400,256.000000
3.088000,256.000000
3.088600,256.000000
3.089200,256.000000
3.089800,256.000000
3.090400,256.000000
3.091000,256.000000
3.091600,256.000000
3.092200,256.000000
3.092800,256.000000
3.093400,256.000000
3.094000,256.000000
3.094600,256.000000
3.095200,256.000000
3.095800,256.000000
3.096400,256.000000
3.097000,256.000000
3.097600,256.000000
3.098200,256.000000
3.098800,256.000000
3.099400,256.000000
3.100000,256.000000
3.100600,256.000000
3.101200,256.000000
3.101800,256.000000
3.102400,256.000000
3.103000,256.000000
3.103600,256.000000
3.104200,256.000000
3.104800,256.000000
3.105400,256.000000
3.106000,256.000000
3.106600,256.000000
3.107200,256.000000
3.107800,256.000000
3.108400,256.000000
3.109000,256.000000
3.109600,256.000000
3.110200,256.000000
3.110800,256.000000
3.111400,256.000000
3.112000,256.000000
3.112600,256.000000
3.113200,256.000000
3.113800,256.000000
3.114400,256.000000
3.115000,256.000000
3.115600,256.000000
3.116200,256.000000
3.116800,256.000000
3.117400,256.000000
3.118000,256.000000
3.118600,256.000000
3.119200,256.000000
3.119800,256.000000
3.120400,256.000000
3.121000,256.000000
3.121600,256.000000
3.122200,256.000000
3.122800,256.000000
3.123400,256.000000
3.124000,256.000000
3.124600,256.000000
3.125200,256.000000
3.125800,256.000000
3.126400,256.000000
3.127000,256.000000
3.127600,256.000000
3.128200,256.000000
3.128800,256.000000
3.129400,256.000000
3.130000,256.000000
3.130600,256.000000
3.131200,256.000000
3.131800,256.000000
3.132400,256.000000
3.133000,256.000000
3.133600,256.000000
3.134200,256.000000
3.134800,256.000000
3.135400,256.000000
3.136000,256.000000
3.136600,256.000000
3.137200,256.000000
3.137800,256.000000
3.138400,256.000000
3.139000,256.000000
3.139600,256.000000
3.140200,256.000000
3.140800,256.000000
3.141400,256.000000
3.142000,256.000000
3.142600,256.000000
3.143200,256.000000
3.143800,256.000000
3.144400,256.000000
3.145000,256.000000
3.145600,256.000000
3.146200,256.000000
3.146800,256.000000
3.147400,256.000000
3.148000,256.000000
3.148600,256.000000
3.149200,256.000000
3.149800,256.000000
3.150400,256.000000
3.151000,256.000000
3.151600,256.000000
3.152200,256.000000
3.152800,256.000000
3.153400,256.000000
3.154000,256.000000
3.154600,256.000000
3.155200,256.000000
3.155800,256.000000
3.156400,256.000000
3.157000,256.000000
3.157600,256.000000
3.158200,256.000000
3.158800,256.000000
3.159400,256.000000
3.160000,256.000000
3.160600,256.000000
3.161200,256.000000
3.161800,256.000000
3.162400,256.000000
3.163000,256.000000
3.163600,256.000000
3.164200,256.000000
3.164800,256.000000
3.165400,256.000000
3.166000,256.000000
3.166600,256.000000
3.167200,256.000000
3.167800,256.000000
3.168400,256.000000
3.169000,256.000000
3.169600,256.000000
3.170200,256.000000
3.170800,256.000000
3.171400,256.000000
3.172000,256.000000
3.172600,256.000000
3.173200,256.000000
3.173800,256.000000
3.174400,256.000000
3.175000,256.000000
3.175600,256.000000
3.176200,256.000000
3.176800,256.000000
3.177400,256.000000
3.178000,256.000000
3.178600,256.000000
3.179200,256.000000
3.179800,256.000000
3.180400,256.000000
3.181000,256.000000
3.181600,256.000000
3.182200,256.000000
3.182800,256.000000
3.183400,256.000000
3.184000,256.000000
3.184600,256.000000
3.185200,256.000000
3.185800,256.000000
3.186400,256.000000
3.187000,256.000000
3.187600,256.000000
3.188200,256.000000
3.188800,256.000000
3.189400,256.000000
3.190000,256.000000
3.190600,256.000000
3.191200,256.000000
3.191800,256.000000
3.192400,256.000000
3.193000,256.000000
3.193600,256.000000
3.194200,256.000000
3.194800,256.000000
3.195400,256.000000
3.196000,256.000000
3.196600,256.000000
3.197200,256.000000
3.197800,256.000000
3.198400,256.000000
3.199000,256.000000
3.199600,256.000000
3.200200,256.000000
3.200800,256.000000
3.201400,256.000000
3.202000,256.000000
3.202600,256.000000
3.203200,256.000000
3.203800,256.000000
3.204400,256.000000
3.205000,256.000000
3.205600,256.000000
3.206200,256.000000
3.206800,256.000000
3.207400,256.000000
3.208000,256.000000
3.208600,256.000000
3.209200,256.000000
3.209800,256.000000
3.210400,256.000000
3.211000,256.000000
3.211600,256.000000
3.212200,256.000000
3.212800,256.000000
3.213400,256.000000
3.214000,256.000000
3.214600,256.000000
3.215200,256.000000
3.215800,256.000000
3.216400,256.000000
3.217000,256.000000
3.217600,256.000000
3.218200,256.000000
3.218800,256.000000
3.219400,256.000000
3.220000,256.000000
3.220600,256.000000
3.221200,256.000000
3.221800,256.000000
3.222400,256.000000
3.223000,256.000000
3.223600,256.000000
3.224200,256.000000
3.224800,256.000000
3.225400,256.000000
3.226000,256.000000
3.226600,256.000000
3.227200,256.000000
3.227800,256.000000
3.228400,256.000000
3.229000,256.000000
3.229600,256.000000
3.230200,256.000000
3.230800,256.000000
3.231400,256.000000
3.232000,256.000000
3.232600,256.000000
3.233200,256.000000
3.233800,256.000000
3.234400,256.000000
3.235000,256.000000
3.235600,256.000000
3.236200,256.000000
3.236800,256.000000
3.237400,256.000000
3.238000,256.000000
3.238600,256.000000
3.239200,256.000000
3.239800,256.000000
3.240400,256.000000
3.241000,256.000000
3.241600,256.000000
3.242200,256.000000
3.242800,256.000000
3.243400,256.000000
3.244000,256.000000
3.244600,256.000000
3.245200,256.000000
3.245800,256.000000
3.246400,256.000000
3.247000,256.000000
3.247600,256.000000
3.248200,256.000000
3.248800,256.000000
3.249400,256.000000
3.250000,256.000000
3.250600,256.000000
3.251200,256.000000
3.251800,256.000000
3.252400,256.000000
3.253000,256.000000
3.253600,256.000000
3.254200,256.000000
3.254800,256.000000
3.255400,256.000000
3.256000,256.000000
3.256600,256.000000
3.257200,256.000000
3.257800,256.000000
3.258400,256.000000
3.259000,256.000000
3.259600,256.000000
3.260200,256.000000
3.260800,256.000000
3.261400,256.000000
3.262000,256.000000
3.262600,256.000000
3.263200,256.000000
3.263800,256.000000
3.264400,256.000000
3.265000,256.000000
3.265600,256.000000
3.266200,256.000000
3.266800,256.000000
3.267400,256.000000
3.268000,256.000000
3.268600,256.000000
3.269200,256.000000
3.269800,256.000000
3.270400,256.000000
3.271000,256.000000
3.271600,256.000000
3.272200,256.000000
3.272800,256.000000
3.273400,256.000000
3.274000,256.000000
3.274600,256.000000
3.275200,256.000000
3.275800,256.000000
3.276400,256.000000
3.277000,256.000000
3.277600,256.000000
3.278200,256.000000
3.278800,256.000000
3.279400,256.000000
3.280000,256.000000
3.280600,256.000000
3.281200,256.000000
3.281800,256.000000
3.282400,256.000000
3.283000,256.000000
3.283600,256.000000
3.284200,256.000000
3.284800,256.000000
3.285400,256.000000
3.286000,256.000000
3.286600,256.000000
3.287200,256.000000
3.287800,256.000000
3.288400,256.000000
3.289000,256.000000
3.289600,256.000000
3.290200,256.000000
3.290800,256.000000
3.291400,256.000000
3.292000,256.000000
3.292600,256.000000
3.293200,256.000000
3.293800,256.000000
3.294400,256.000000
3.295000,256.000000
3.295600,256.000000
3.296200,256.000000
3.296800,256.000000
3.297400,256.000000
3.298000,256.000000
3.298600,256.000000
3.299200,256.000000
3.299800,256.000000
3.300400,256.000000
3.301000,256.000000
3.301600,256.000000
3.302200,256.000000
3.302800,256.000000
3.303400,256.000000
3.304000,256.000000
3.304600,256.000000
3.305200,256.000000
3.305800,256.000000
3.306400,256.000000
3.307000,256.000000
3.307600,256.000000
3.308200,256.000000
3.308800,256.000000
3.309400,256.000000
3.310000,256.000000
3.310600,256.000000
3.311200,256.000000
3.311800,256.000000
3.312400,256.000000
3.313000,256.000000
3.313600,256.000000
3.314200,256.000000
3.314800,256.000000
3.315400,256.000000
3.316000,256.000000
3.316600,256.000000
3.317200,256.000000
3.317800,256.000000
3.318400,256.000000
3.319000,256.000000
3.319600,256.000000
3.320200,256.000000
3.320800,256.000000
3.321400,256.000000
3.322000,256.000000
3.322600,256.000000
3.323200,256.000000
3.323800,256.000000
3.324400,256.000000
3.325000,256.000000
3.325600,256.000000
3.326200,256.000000
3.326800,256.000000
3.327400,256.000000
3.328000,256.000000
3.328600,256.000000
3.329200,256.000000
3.329800,256.000000
3.330400,256.000000
3.331000,256.000000
3.331600,256.000000
3.332200,256.000000
3.332800,256.000000
3.333400,256.000000
3.334000,256.000000
3.334600,256.000000
3.335200,256.000000
3.335800,256.000000
3.336400,256.000000
3.337000,256.000000
3.337600,256.000000
3.338200,256.000000
3.338800,256.000000
3.339400,256.000000
3.340000,256.000000
3.340600,256.000000
3.341200,256.000000
3.341800,256.000000
3.342400,256.000000
3.343000,256.000000
3.343600,256.000000
3.344200,256.000000
3.344800,256.000000
3.345400,256.000000
3.346000,256.000000
3.346600,256.000000
3.347200,256.000000
3.347800,256.000000
3.348400,256.000000
3.349000,256.000000
3.349600,256.000000
3.350200,256.000000
3.350800,256.000000
3.351400,256.000000
3.352000,256.000000
3.352600,256.000000
3.353200,256.000000
3.353800,256.000000
3.354400,256.000000
3.355000,256.000000
3.355600,256.000000
3.356200,256.000000
3.356800,256.000000
3.357400,256.000000
3.358000,256.000000
3.358600,256.000000
3.359200,256.000000
3.359800,256.000000
3.360400,256.000000
3.361000,256.000000
3.361600,256.000000
3.362200,256.000000
3.362800,256.000000
3.363400,256.000000
3.364000,256.000000
3.364600,256.000000
3.365200,256.000000
3.365800,256.000000
3.366400,256.000000
3.367000,256.000000
3.367600,256.000000
3.368200,256.000000
3.368800,256.000000
3.369400,256.000000
3.370000,256.000000
3.370600,256.000000
3.371200,256.000000
3.371800,256.000000
3.372400,256.000000
3.373000,256.000000
3.373600,256.000000
3.374200,256.000000
3.374800,256.000000
3.375400,256.000000
3.376000,256.000000
3.376600,256.000000
3.377200,256.000000
3.377800,256.000000
3.378400,256.000000
3.379000,256.000000
3.379600,256.000000
3.380200,256.000000
3.380800,256.000000
3.381400,256.000000
3.382000,256.000000
3.382600,256.000000
3.383200,256.000000
3.383800,256.000000
3.384400,256.000000
3.385000,256.000000
3.385600,256.000000
3.386200,256.000000
3.386800,256.000000
3.387400,256.000000
3.388000,256.000000
3.388600,256.000000
3.389200,256.000000
3.389800,256.000000
3.390400,256.000000
3.391000,256.000000
3.391600,256.000000
3.392200,256.000000
3.392800,256.000000
3.393400,256.000000
3.394000,256.000000
3.394600,256.000000
3.395200,256.000000
3.395800,256.000000
3.396400,256.000000
3.397000,256.000000
3.397600,256.000000
3.398200,256.000000
3.398800,256.000000
3.399400,256.000000
3.400000,256.000000
3.400600,256.000000
3.401200,256.000000
3.401800,256.000000
3.402400,256.000000
3.403000,256.000000
3.403600,256.000000
3.404200,256.000000
3.404800,256.000000
3.405400,256.000000
3.406000,256.000000
3.406600,256.000000
3.407200,256.000000
3.407800,256.000000
3.408400,256.000000
3.409000,256.000000
3.409600,256.000000
3.410200,256.000000
3.410800,256.000000
3.411400,256.000000
3.412000,256.000000
3.412600,256.000000
3.413200,256.000000
3.413800,256.000000
3.414400,256.000000
3.415000,256.000000
3.415600,256.000000
3.416200,256.000000
3.416800,256.000000
3.417400,256.000000
3.418000,256.000000
3.418600,256.000000
3.419200,256.000000
3.419800,256.000000
3.420400,256.000000
3.421000,256.000000
3.421600,256.000000
3.422200,256.000000
3.422800,256.000000
3.423400,256.000000
3.424000,256.000000
3.424600,256.000000
3.425200,256.000000
3.425800,256.000000
3.426400,256.000000
3.427000,256.000000
3.427600,256.000000
3.428200,256.000000
3.428800,256.000000
3.429400,256.000000
3.430000,256.000000
3.430600,256.000000
3.431200,256.000000
3.431800,256.000000
3.432400,256.000000
3.433000,256.000000
3.433600,256.000000
3.434200,256.000000
3.434800,256.000000
3.435400,256.000000
3.436000,256.000000
3.436600,256.000000
3.437200,256.000000
3.437800,256.000000
3.438400,256.000000
3.439000,256.000000
3.439600,256.000000
3.440200,256.000000
3.440800,256.000000
3.441400,256.000000
3.442000,256.000000
3.442600,256.000000
3.443200,256.000000
3.443800,256.000000
3.444400,256.000000
3.445000,256.000000
3.445600,256.000000
3.446200,256.000000
3.446800,256.000000
3.447400,256.000000
3.448000,256.000000
3.448600,256.000000
3.449200,256.000000
3.449800,256.000000
3.450400,256.000000
3.451000,256.000000
3.451600,256.000000
3.452200,256.000000
3.452800,256.000000
3.453400,256.000000
3.454000,256.000000
3.454600,256.000000
3.455200,256.000000
3.455800,256.000000
3.456400,256.000000
3.457000,256.000000
3.457600,256.000000
3.458200,256.000000
3.458800,256.000000
3.459400,256.000000
3.460000,256.000000
3.460600,256.000000
3.461200,256.000000
3.461800,256.000000
3.462400,256.000000
3.463000,256.000000
3.463600,256.000000
3.464200,256.000000
3.464800,256.000000
3.465400,256.000000
3.466000,256.000000
3.466600,256.000000
3.467200,256.000000
3.467800,256.000000
3.468400,256.000000
3.469000,256.000000
3.469600,256.000000
3.470200,256.000000
3.470800,256.000000
3.471400,256.000000
3.472000,256.000000
3.472600,256.000000
3.473200,256.000000
3.473800,256.000000
3.474400,256.000000
3.475000,256.000000
3.475600,256.000000
3.476200,256.000000
3.476800,256.000000
3.477400,256.000000
3.478000,256.000000
3.478600,256.000000
3.479200,256.000000
3.479800,256.000000
3.480400,256.000000
3.481000,256.000000
3.481600,256.000000
3.482200,256.000000
3.482800,256.000000
3.483400,256.000000
3.484000,256.000000
3.484600,256.000000
3.485200,256.000000
3.485800,256.000000
3.486400,256.000000
3.487000,256.000000
3.487600,256.000000
3.488200,256.000000
3.488800,256.000000
3.489400,256.000000
3.490000,256.000000
3.490600,256.000000
3.491200,256.000000
3.491800,256.000000
3.492400,256.000000
3.493000,256.000000
3.493600,256.000000
3.494200,256.000000
3.494800,256.000000
3.495400,256.000000
3.496000,256.000000
3.496600,256.000000
3.497200,256.000000
3.497800,256.000000
3.498400,256.000000
3.499000,256.000000
3.499600,256.000000
3.500200,256.000000
3.500800,256.000000
3.501400,256.000000
3.502000,256.000000
3.502600,256.000000
3.503200,256.000000
3.503800,256.000000
3.504400,256.000000
3.505000,256.000000
3.505600,256.000000
3.506200,256.000000
3.506800,256.000000
3.507400,256.000000
3.508000,256.000000
3.508600,256.000000
3.509200,256.000000
3.509800,256.000000
3.510400,256.000000
3.511000,256.000000
3.511600,256.000000
3.512200,256.000000
3.512800,256.000000
3.513400,256.000000
3.514000,256.000000
3.514600,256.000000
3.515200,256.000000
3.515800,256.000000
3.516400,256.000000
3.517000,256.000000
3.517600,256.000000
3.518200,256.000000
3.518800,256.000000
3.519400,256.000000
3.520000,256.000000
3.520600,256.000000
3.521200,256.000000
3.521800,256.000000
3.522400,256.000000
3.523000,256.000000
3.523600,256.000000
3.524200,256.000000
3.524800,256.000000
3.525400,256.000000
3.526000,256.000000
3.526600,256.000000
3.527200,256.000000
3.527800,256.000000
3.528400,256.000000
3.529000,256.000000
3.529600,256.000000
3.530200,256.000000
3.530800,256.000000
3.531400,256.000000
3.532000,256.000000
3.532600,256.000000
3.533200,256.000000
3.533800,256.000000
3.534400,256.000000
3.535000,256.000000
3.535600,256.000000
3.536200,256.000000
3.536800,256.000000
3.537400,256.000000
3.538000,256.000000
3.538600,256.000000
3.539200,256.000000
3.539800,256.000000
3.540400,256.000000
3.541000,256.000000
3.541600,256.000000
3.542200,256.000000
3.542800,256.000000
3.543400,256.000000
3.544000,256.000000
3.544600,256.000000
3.545200,256.000000
3.545800,256.000000
3.546400,256.000000
3.547000,256.000000
3.547600,256.000000
3.548200,256.000000
3.548800,256.000000
3.549400,256.000000
3.550000,256.000000
3.550600,256.000000
3.551200,256.000000
3.551800,256.000000
3.552400,256.000000
3.553000,256.000000
3.553600,256.000000
3.554200,256.000000
3.554800,256.000000
3.555400,256.000000
3.556000,256.000000
3.556600,256.000000
3.557200,256.000000
3.557800,256.000000
3.558400,256.000000
3.559000,256.000000
3.559600,256.000000
3.560200,256.000000
3.560800,256.000000
3.561400,256.000000
3.562000,256.000000
3.562600,256.000000
3.563200,256.000000
3.563800,256.000000
3.564400,256.000000
3.565000,256.000000
3.565600,256.000000
3.566200,256.000000
3.566800,256.000000
3.567400,256.000000
3.568000,256.000000
3.568600,256.000000
3.569200,256.000000
3.569800,256.000000
3.570400,256.000000
3.571000,256.000000
3.571600,240.000000
3.572200,256.000000
3.572800,192.000000
3.573400,256.000000
3.574000,256.000000
3.574600,256.000000
3.575200,256.000000
3.575800,256.000000
3.576400,256.000000
3.577000,256.000000
3.577600,240.000000
3.578200,256.000000
3.578800,256.000000
3.579400,256.000000
3.580000,256.000000
3.580600,256.000000
3.581200,256.000000
3.581800,256.000000
3.582400,252.000000
3.583000,240.000000
3.583600,256.000000
3.584200,256.000000
3.584800,256.000000
3.585400,256.000000
3.586000,256.000000
3.586600,256.000000
3.587200,256.000000
3.587800,256.000000
3.588400,256.000000
3.589000,256.000000
3.589600,256.000000
3.590200,256.000000
3.590800,256.000000
3.591400,256.000000
3.592000,256.000000
3.592600,256.000000
3.593200,256.000000
3.593800,256.000000
3.594400,256.000000
3.595000,256.000000
3.595600,256.000000
3.596200,256.000000
3.596800,256.000000
3.597400,168.000000
3.598000,256.000000
3.598600,256.000000
3.599200,256.000000
3.599800,256.000000
3.600400,256.000000
3.601000,256.000000
3.601600,256.000000
3.602200,256.000000
3.602800,256.000000
3.603400,256.000000
3.604000,256.000000
3.604600,256.000000
3.605200,256.000000
3.605800,250.000000
3.606400,256.000000
3.607000,256.000000
3.607600,256.000000
3.608200,256.000000
3.608800,256.000000
3.609400,256.000000
3.610000,256.000000
3.610600,256.000000
3.611200,256.000000
3.611800,256.000000
3.612400,256.000000
3.613000,256.000000
3.613600,252.000000
3.614200,256.000000
3.614800,256.000000
3.615400,256.000000
3.616000,256.000000
3.616600,256.000000
3.617200,256.000000
3.617800,256.000000
3.618400,256.000000
3.619000,256.000000
3.619600,256.000000
3.620200,256.000000
3.620800,256.000000
3.621400,256.000000
3.622000,256.000000
3.622600,256.000000
3.623200,256.000000
3.623800,256.000000
3.624400,256.000000
3.625000,256.000000
3.625600,256.000000
3.626200,256.000000
3.626800,252.000000
3.627400,252.000000
3.628000,252.000000
3.628600,252.000000
3.629200,252.000000
3.629800,252.000000
3.630400,252.000000
3.631000,252.000000
3.631600,252.000000
3.632200,240.000000
3.632800,256.000000
3.633400,256.000000
3.634000,252.000000
3.634600,256.000000
3.635200,256.000000
3.635800,256.000000
3.636400,256.000000
3.637000,256.000000
3.637600,256.000000
3.638200,256.000000
3.638800,256.000000
3.639400,256.000000
3.640000,256.000000
3.640600,256.000000
3.641200,256.000000
3.641800,256.000000
3.642400,256.000000
3.643000,256.000000
3.643600,256.000000
3.644200,256.000000
3.644800,256.000000
3.645400,256.000000
3.646000,256.000000
3.646600,256.000000
3.647200,240.000000
3.647800,256.000000
3.648400,256.000000
3.649000,256.000000
3.649600,256.000000
3.650200,256.000000
3.650800,256.000000
3.651400,256.000000
3.652000,256.000000
3.652600,256.000000
3.653200,256.000000
3.653800,256.000000
3.654400,256.000000
3.655000,256.000000
3.655600,256.000000
3.656200,256.000000
3.656800,256.000000
3.657400,256.000000
3.658000,256.000000
3.658600,256.000000
3.659200,256.000000
3.659800,256.000000
3.660400,256.000000
3.661000,256.000000
3.661600,256.000000
3.662200,256.000000
3.662800,256.000000
3.663400,256.000000
3.664000,256.000000
3.664600,256.000000
3.665200,256.000000
3.665800,256.000000
3.666400,256.000000
3.667000,256.000000
3.667600,256.000000
3.668200,256.000000
3.668800,256.000000
3.669400,256.000000
3.670000,256.000000
3.670600,256.000000
3.671200,256.000000
3.671800,256.000000
3.672400,256.000000
3.673000,250.000000
3.673600,256.000000
3.674200,256.000000
3.674800,256.000000
3.675400,256.000000
3.676000,256.000000
3.676600,256.000000
3.677200,256.000000
3.677800,256.000000
3.678400,256.000000
3.679000,256.000000
3.679600,256.000000
3.680200,256.000000
3.680800,256.000000
3.681400,256.000000
3.682000,256.000000
3.682600,256.000000
3.683200,256.000000
3.683800,256.000000
3.684400,256.000000
3.685000,256.000000
3.685600,256.000000
3.686200,256.000000
3.686800,256.000000
3.687400,256.000000
3.688000,256.000000
3.688600,256.000000
3.689200,256.000000
3.689800,256.000000
3.690400,256.000000
3.691000,256.000000
3.691600,256.000000
3.692200,256.000000
3.692800,256.000000
3.693400,256.000000
3.694000,256.000000
3.694600,256.000000
3.695200,256.000000
3.695800,256.000000
3.696400,234.000000
3.697000,256.000000
3.697600,256.000000
3.698200,256.000000
3.698800,256.000000
3.699400,256.000000
3.700000,256.000000
3.700600,256.000000
3.701200,256.000000
3.701800,252.000000
3.702400,252.000000
3.703000,256.000000
3.703600,256.000000
3.704200,256.000000
3.704800,256.000000
3.705400,256.000000
3.706000,256.000000
3.706600,256.000000
3.707200,256.000000
3.707800,256.000000
3.708400,256.000000
3.709000,256.000000
3.709600,256.000000
3.710200,256.000000
3.710800,256.000000
3.711400,256.000000
3.712000,256.000000
3.712600,256.000000
3.713200,256.000000
3.713800,256.000000
3.714400,256.000000
3.715000,256.000000
3.715600,256.000000
3.716200,256.000000
3.716800,256.000000
3.717400,256.000000
3.718000,256.000000
3.718600,256.000000
3.719200,256.000000
3.719800,256.000000
3.720400,256.000000
3.721000,256.000000
3.721600,256.000000
3.722200,256.000000
3.722800,256.000000
3.723400,256.000000
3.724000,256.000000
3.724600,256.000000
3.725200,256.000000
3.725800,256.000000
3.726400,256.000000
3.727000,256.000000
3.727600,256.000000
3.728200,256.000000
3.728800,256.000000
3.729400,256.000000
3.730000,256.000000
3.730600,256.000000
3.731200,256.000000
3.731800,256.000000
3.732400,256.000000
3.733000,256.000000
3.733600,256.000000
3.734200,256.000000
3.734800,256.000000
3.735400,256.000000
3.736000,256.000000
3.736600,256.000000
3.737200,256.000000
3.737800,256.000000
3.738400,255.000000
3.739000,255.000000
3.739600,255.000000
3.740200,255.000000
3.740800,255.000000
3.741400,250.000000
3.742000,250.000000
3.742600,240.000000
3.743200,256.000000
3.743800,256.000000
3.744400,256.000000
3.745000,256.000000
3.745600,256.000000
3.746200,256.000000
3.746800,256.000000
3.747400,256.000000
3.748000,256.000000
3.748600,256.000000
3.749200,256.000000
3.749800,256.000000
3.750400,256.000000
3.751000,256.000000
3.751600,256.000000
3.752200,256.000000
3.752800,256.000000
3.753400,256.000000
3.754000,256.000000
3.754600,256.000000
3.755200,256.000000
3.755800,256.000000
3.756400,256.000000
3.757000,256.000000
3.757600,256.000000
3.758200,256.000000
3.758800,256.000000
3.759400,256.000000
3.760000,256.000000
3.760600,256.000000
3.761200,256.000000
3.761800,256.000000
3.762400,256.000000
3.763000,256.000000
3.763600,256.000000
3.764200,256.000000
3.764800,256.000000
3.765400,256.000000
3.766000,256.000000
3.766600,256.000000
3.767200,256.000000
3.767800,256.000000
3.768400,256.000000
3.769000,256.000000
3.769600,256.000000
3.770200,256.000000
3.770800,256.000000
3.771400,256.000000
3.772000,256.000000
3.772600,256.000000
3.773200,256.000000
3.773800,256.000000
3.774400,252.000000
3.775000,256.000000
3.775600,256.000000
3.776200,256.000000
3.776800,256.000000
3.777400,256.000000
3.778000,256.000000
3.778600,256.000000
3.779200,256.000000
3.779800,256.000000
3.780400,256.000000
3.781000,256.000000
3.781600,256.000000
3.782200,256.000000
3.782800,256.000000
3.783400,256.000000
3.784000,256.000000
3.784600,256.000000
3.785200,256.000000
3.785800,252.000000
3.786400,256.000000
3.787000,256.000000
3.787600,256.000000
3.788200,256.000000
3.788800,256.000000
3.789400,256.000000
3.790000,256.000000
3.790600,256.000000
3.791200,256.000000
3.791800,256.000000
3.792400,256.000000
3.793000,256.000000
3.793600,256.000000
3.794200,256.000000
3.794800,256.000000
3.795400,256.000000
3.796000,256.000000
3.796600,256.000000
3.797200,256.000000
3.797800,256.000000
3.798400,256.000000
3.799000,256.000000
3.799600,256.000000
3.800200,256.000000
3.800800,256.000000
3.801400,256.000000
3.802000,256.000000
3.802600,256.000000
3.803200,256.000000
3.803800,256.000000
3.804400,256.000000
3.805000,256.000000
3.805600,256.000000
3.806200,256.000000
3.806800,256.000000
3.807400,256.000000
3.808000,256.000000
3.808600,256.000000
3.809200,256.000000
3.809800,256.000000
3.810400,256.000000
3.811000,256.000000
3.811600,256.000000
3.812200,256.000000
3.812800,256.000000
3.813400,256.000000
3.814000,256.000000
3.814600,256.000000
3.815200,256.000000
3.815800,256.000000
3.816400,256.000000
3.817000,256.000000
3.817600,256.000000
3.818200,256.000000
3.818800,256.000000
3.819400,256.000000
3.820000,256.000000
3.820600,256.000000
3.821200,256.000000
3.821800,256.000000
3.822400,256.000000
3.823000,256.000000
3.823600,256.000000
3.824200,256.000000
3.824800,256.000000
3.825400,256.000000
3.826000,256.000000
3.826600,256.000000
3.827200,256.000000
3.827800,256.000000
3.828400,256.000000
3.829000,255.000000
3.829600,255.000000
3.830200,255.000000
3.830800,255.000000
3.831400,255.000000
3.832000,255.000000
3.832600,255.000000
3.833200,255.000000
3.833800,255.000000
3.834400,255.000000
3.835000,255.000000
3.835600,255.000000
3.836200,255.000000
3.836800,255.000000
3.837400,255.000000
3.838000,255.000000
3.838600,255.000000
3.839200,255.000000
3.839800,255.000000
3.840400,255.000000
3.841000,255.000000
3.841600,252.000000
3.842200,252.000000
3.842800,252.000000
3.843400,252.000000
3.844000,252.000000
3.844600,252.000000
3.845200,252.000000
3.845800,252.000000
3.846400,252.000000
3.847000,252.000000
3.847600,204.000000
3.848200,252.000000
3.848800,252.000000
3.849400,240.000000
3.850000,256.000000
3.850600,256.000000
3.851200,256.000000
3.851800,256.000000
3.852400,256.000000
3.853000,256.000000
3.853600,256.000000
3.854200,256.000000
3.854800,256.000000
3.855400,256.000000
3.856000,252.000000
3.856600,256.000000
3.857200,256.000000
3.857800,256.000000
3.858400,256.000000
3.859000,256.000000
3.859600,256.000000
3.860200,256.000000
3.860800,256.000000
3.861400,256.000000
3.862000,256.000000
3.862600,256.000000
3.863200,256.000000
3.863800,256.000000
3.864400,256.000000
3.865000,256.000000
3.865600,256.000000
3.866200,256.000000
3.866800,256.000000
3.867400,256.000000
3.868000,256.000000
3.868600,256.000000
3.869200,256.000000
3.869800,256.000000
3.870400,256.000000
3.871000,256.000000
3.871600,256.000000
3.872200,256.000000
3.872800,256.000000
3.873400,256.000000
3.874000,256.000000
3.874600,256.000000
3.875200,256.000000
3.875800,256.000000
3.876400,256.000000
3.877000,256.000000
3.877600,256.000000
3.878200,256.000000
3.878800,256.000000
3.879400,256.000000
3.880000,256.000000
3.880600,256.000000
3.881200,256.000000
3.881800,256.000000
3.882400,256.000000
3.883000,256.000000
3.883600,256.000000
3.884200,256.000000
3.884800,256.000000
3.885400,256.000000
3.886000,256.000000
3.886600,256.000000
3.887200,256.000000
3.887800,256.000000
3.888400,256.000000
3.889000,256.000000
3.889600,256.000000
3.890200,256.000000
3.890800,256.000000
3.891400,256.000000
3.892000,256.000000
3.892600,256.000000
3.893200,256.000000
3.893800,256.000000
3.894400,256.000000
3.895000,256.000000
3.895600,256.000000
3.896200,256.000000
3.896800,256.000000
3.897400,256.000000
3.898000,256.000000
3.898600,256.000000
3.899200,256.000000
3.899800,256.000000
3.900400,256.000000
3.901000,256.000000
3.901600,256.000000
3.902200,256.000000
3.902800,256.000000
3.903400,256.000000
3.904000,256.000000
3.904600,256.000000
3.905200,256.000000
3.905800,255.000000
3.906400,240.000000
3.907000,256.000000
3.907600,256.000000
3.908200,256.000000
3.908800,256.000000
3.909400,256.000000
3.910000,256.000000
3.910600,256.000000
3.911200,256.000000
3.911800,256.000000
3.912400,256.000000
3.913000,256.000000
3.913600,256.000000
3.914200,256.000000
3.914800,256.000000
3.915400,256.000000
3.916000,256.000000
3.916600,256.000000
3.917200,256.000000
3.917800,256.000000
3.918400,256.000000
3.919000,256.000000
3.919600,256.000000
3.920200,256.000000
3.920800,256.000000
3.921400,256.000000
3.922000,256.000000
3.922600,256.000000
3.923200,256.000000
3.923800,256.000000
3.924400,256.000000
3.925000,256.000000
3.925600,256.000000
3.926200,256.000000
3.926800,256.000000
3.927400,256.000000
3.928000,256.000000
3.928600,256.000000
3.929200,256.000000
3.929800,256.000000
3.930400,256.000000
3.931000,256.000000
3.931600,256.000000
3.932200,256.000000
3.932800,256.000000
3.933400,256.000000
3.934000,256.000000
3.934600,256.000000
3.935200,256.000000
3.935800,256.000000
3.936400,256.000000
3.937000,256.000000
3.937600,252.000000
3.938200,256.000000
3.938800,256.000000
3.939400,256.000000
3.940000,256.000000
3.940600,256.000000
3.941200,256.000000
3.941800,256.000000
3.942400,256.000000
3.943000,256.000000
3.943600,256.000000
3.944200,256.000000
3.944800,256.000000
3.945400,256.000000
3.946000,256.000000
3.946600,256.000000
3.947200,256.000000
3.947800,256.000000
3.948400,256.000000
3.949000,256.000000
3.949600,240.000000
3.950200,256.000000
3.950800,256.000000
3.951400,256.000000
3.952000,256.000000
3.952600,256.000000
3.953200,256.000000
3.953800,256.000000
3.954400,256.000000
3.955000,256.000000
3.955600,256.000000
3.956200,256.000000
3.956800,256.000000
3.957400,256.000000
3.958000,256.000000
3.958600,256.000000
3.959200,256.000000
3.959800,256.000000
3.960400,256.000000
3.961000,256.000000
3.961600,256.000000
3.962200,256.000000
3.962800,256.000000
3.963400,256.000000
3.964000,256.000000
3.964600,256.000000
3.965200,256.000000
3.965800,256.000000
3.966400,256.000000
3.967000,256.000000
3.967600,256.000000
3.968200,256.000000
3.968800,256.000000
3.969400,256.000000
3.970000,256.000000
3.970600,256.000000
3.971200,256.000000
3.971800,256.000000
3.972400,256.000000
3.973000,256.000000
3.973600,256.000000
3.974200,256.000000
3.974800,256.000000
3.975400,256.000000
3.976000,256.000000
3.976600,256.000000
3.977200,256.000000
3.977800,256.000000
3.978400,256.000000
3.979000,256.000000
3.979600,256.000000
3.980200,256.000000
3.980800,256.000000
3.981400,256.000000
3.982000,256.000000
3.982600,256.000000
3.983200,256.000000
3.983800,256.000000
3.984400,256.000000
3.985000,256.000000
3.985600,256.000000
3.986200,256.000000
3.986800,256.000000
3.987400,256.000000
3.988000,256.000000
3.988600,256.000000
3.989200,256.000000
3.989800,256.000000
3.990400,256.000000
3.991000,256.000000
3.991600,256.000000
3.992200,256.000000
3.992800,256.000000
3.993400,256.000000
3.994000,256.000000
3.994600,256.000000
3.995200,256.000000
3.995800,256.000000
3.996400,256.000000
3.997000,256.000000
3.997600,256.000000
3.998200,256.000000
3.998800,256.000000
3.999400,256.000000
