0, 0, 0, 0, 0, 0, 0, 0, 0, 0, 0, 0, 0, 0, 0, 0, 0, 0, 0, 0, 0, 0, 0, 0, 0, 0, 0, 0, 0, 0, 0, 0, 0, 0, 0, 0, 0, 0, 0, 0, 0, 0, 0, 0, 0, 0, 0, 0, 0, 0
0, 2.01383e-08, 1.14898e-06, 1.25991e-05, 6.61139e-05, 0.000227775, 0.000598178, 0.00130075, 0.00246382, 0.00420275, 0.00660644, 0.00972977, 0.0135918, 0.018178, 0.0234459, 0.0293313, 0.0357551, 0.0426295, 0.0498631, 0.0573655, 0.0650501, 0.0728363, 0.0806511, 0.0884297, 0.0961156, 0.103661, 0.111024, 0.118174, 0.125082, 0.13173, 0.138101, 0.144185, 0.149976, 0.155471, 0.160668, 0.16557, 0.170181, 0.174507, 0.178554, 0.18233, 0.185843, 0.189104, 0.192121, 0.194903, 0.197461, 0.199805, 0.201945, 0.203889, 0.205647, 0.20723
0, 8.29741e-07, 2.163e-05, 0.000154669, 0.000606094, 0.00167713, 0.00370386, 0.00699217, 0.011771, 0.0181707, 0.0262219, 0.0358686, 0.0469871, 0.0594072, 0.0729309, 0.087348, 0.102449, 0.118033, 0.133913, 0.149921, 0.165909, 0.181749, 0.197329, 0.212561, 0.227369, 0.241693, 0.25549, 0.268723, 0.28137, 0.293415, 0.30485, 0.315674, 0.325891, 0.335507, 0.344533, 0.352985, 0.360878, 0.368228, 0.375056, 0.38138, 0.38722, 0.392597, 0.397531, 0.402041, 0.406149, 0.409873, 0.413233, 0.416247, 0.418932, 0.421307
4.2053e-08, 2.49463e-05, 0.000326775, 0.0015684, 0.00464907, 0.0103972, 0.0193615, 0.0317467, 0.0474506, 0.0661474, 0.0873775, 0.110622, 0.135361, 0.161105, 0.187417, 0.213922, 0.240306, 0.266314, 0.291742, 0.316433, 0.34027, 0.363165, 0.385061, 0.405921, 0.425724, 0.444467, 0.462156, 0.478804, 0.494433, 0.509071, 0.522747, 0.535494, 0.547347, 0.558342, 0.568514, 0.577901, 0.586539, 0.594463, 0.601708, 0.608308, 0.614297, 0.619705, 0.624565, 0.628905, 0.632754, 0.63614, 0.639087, 0.641621, 0.643766, 0.645544
6.48478e-06, 0.000551802, 0.00391777, 0.0129816, 0.0295735, 0.0540463, 0.0856004, 0.122799, 0.164003, 0.207643, 0.25237, 0.297097, 0.341001, 0.383489, 0.424156, 0.462749, 0.499128, 0.533239, 0.565085, 0.594712, 0.622196, 0.647629, 0.671111, 0.69275, 0.712652, 0.730925, 0.747669, 0.762984, 0.776963, 0.789692, 0.801256, 0.81173, 0.821188, 0.829696, 0.837317, 0.84411, 0.85013, 0.855426, 0.860047, 0.864037, 0.867436, 0.870283, 0.872615, 0.874463, 0.875861, 0.876837, 0.877418, 0.87763, 0.877498, 0.877043
0.000416913, 0.00891974, 0.0365209, 0.0857618, 0.152603, 0.230683, 0.313931, 0.397605, 0.478444, 0.554449, 0.624561, 0.68837, 0.745883, 0.797361, 0.8432, 0.883858, 0.919811, 0.951524, 0.979432, 1.00394, 1.02541, 1.04418, 1.06053, 1.07472, 1.087, 1.09755, 1.10657, 1.1142, 1.1206, 1.12588, 1.13016, 1.13353, 1.13609, 1.1379, 1.13903, 1.13956, 1.13953, 1.13899, 1.13799, 1.13657, 1.13476, 1.13259, 1.1301, 1.12732, 1.12426, 1.12096, 1.11742, 1.11367, 1.10973, 1.10562
0.0143105, 0.102929, 0.256305, 0.437765, 0.619377, 0.785784, 0.930675, 1.05297, 1.15415, 1.23677, 1.30358, 1.35715, 1.39978, 1.43338, 1.45956, 1.47965, 1.49472, 1.50566, 1.51318, 1.51788, 1.52024, 1.52065, 1.51945, 1.5169, 1.51324, 1.50864, 1.50326, 1.49724, 1.49068, 1.48368, 1.47631, 1.46864, 1.46072, 1.45259, 1.44431, 1.4359, 1.42738, 1.41879, 1.41014, 1.40145, 1.39274, 1.38402, 1.37529, 1.36657, 1.35786, 1.34918, 1.34052, 1.33189, 1.32329, 1.31474
0.276885, 0.807879, 1.28533, 1.64337, 1.89086, 2.05333, 2.15495, 2.21438, 2.24496, 2.25592, 2.25357, 2.24223, 2.22485, 2.20348, 2.17952, 2.15396, 2.12749, 2.10061, 2.07366, 2.04689, 2.02045, 1.99447, 1.96902, 1.94416, 1.91991, 1.8963, 1.87331, 1.85096, 1.82923, 1.80811, 1.78757, 1.76761, 1.7482, 1.72933, 1.71097, 1.6931, 1.6757, 1.65876, 1.64225, 1.62616, 1.61046, 1.59515, 1.58019, 1.56559, 1.55132, 1.53736, 1.52372, 1.51036, 1.49728, 1.48447
2.87223, 3.91548, 4.20296, 4.18659, 4.0563, 3.89115, 3.72314, 3.56435, 3.41852, 3.28601, 3.16591, 3.05691, 2.9577, 2.86707, 2.78394, 2.7074, 2.63667, 2.57107, 2.51003, 2.45307, 2.39976, 2.34972, 2.30266, 2.25828, 2.21634, 2.17663, 2.13896, 2.10316, 2.06909, 2.03661, 2.00559, 1.97593, 1.94754, 1.92032, 1.8942, 1.86909, 1.84495, 1.82169, 1.79927, 1.77764, 1.75675, 1.73656, 1.71702, 1.69809, 1.67975, 1.66196, 1.64469, 1.62792, 1.61161, 1.59574
12.6723, 9.32844, 7.42923, 6.2636, 5.49192, 4.94534, 4.53585, 4.21512, 3.95512, 3.73867, 3.55468, 3.3957, 3.25646, 3.13316, 3.02295, 2.92365, 2.83357, 2.75136, 2.67592, 2.60639, 2.54202, 2.4822, 2.42642, 2.37424, 2.3253, 2.27926, 2.23586, 2.19485, 2.15601, 2.11917, 2.08415, 2.05081, 2.01902, 1.98865, 1.95962, 1.93181, 1.90515, 1.87956, 1.85496, 1.83129, 1.8085, 1.78652, 1.76531, 1.74482, 1.72502, 1.70585, 1.68729, 1.6693, 1.65185, 1.63491
2.87223, 3.91548, 4.20296, 4.18659, 4.0563, 3.89115, 3.72314, 3.56435, 3.41852, 3.28601, 3.16591, 3.05691, 2.9577, 2.86707, 2.78394, 2.7074, 2.63667, 2.57107, 2.51003, 2.45307, 2.39976, 2.34973, 2.30266, 2.25828, 2.21635, 2.17664, 2.13898, 2.10319, 2.06913, 2.03666, 2.00566, 1.97602, 1.94765, 1.92046, 1.89437, 1.8693, 1.8452, 1.82199, 1.79963, 1.77806, 1.75724, 1.73712, 1.71766, 1.69883, 1.68059, 1.66291, 1.64576, 1.62911, 1.61293, 1.59721
0.276885, 0.807879, 1.28533, 1.64337, 1.89086, 2.05333, 2.15495, 2.21438, 2.24496, 2.25592, 2.25357, 2.24223, 2.22485, 2.20348, 2.17952, 2.15396, 2.12749, 2.10062, 2.07367, 2.04689, 2.02045, 1.99448, 1.96904, 1.94419, 1.91995, 1.89635, 1.87339, 1.85106, 1.82936, 1.80827, 1.78779, 1.76788, 1.74854, 1.72974, 1.71147, 1.6937, 1.67642, 1.6596, 1.64324, 1.6273, 1.61178, 1.59665, 1.58191, 1.56752, 1.55349, 1.53979, 1.52641, 1.51334, 1.50056, 1.48807
0.0143105, 0.102929, 0.256305, 0.437765, 0.619377, 0.785784, 0.930675, 1.05297, 1.15415, 1.23677, 1.30358, 1.35715, 1.39978, 1.43338, 1.45957, 1.47965, 1.49473, 1.50567, 1.5132, 1.5179, 1.52027, 1.5207, 1.51952, 1.517, 1.51337, 1.50882, 1.5035, 1.49754, 1.49107, 1.48417, 1.47691, 1.46938, 1.46161, 1.45367, 1.44558, 1.43739, 1.42913, 1.42081, 1.41246, 1.40409, 1.39573, 1.38738, 1.37905, 1.37076, 1.3625, 1.35429, 1.34613, 1.33802, 1.32997, 1.32198
0.000416913, 0.00891974, 0.0365209, 0.0857618, 0.152603, 0.230683, 0.313931, 0.397605, 0.478444, 0.554449, 0.624561, 0.68837, 0.745885, 0.797364, 0.843206, 0.883869, 0.919831, 0.951556, 0.979484, 1.00402, 1.02553, 1.04434, 1.06076, 1.07504, 1.08741, 1.09809, 1.10726, 1.11507, 1.12167, 1.12719, 1.13174, 1.13542, 1.13832, 1.14051, 1.14207, 1.14305, 1.14351, 1.14351, 1.14308, 1.14226, 1.1411, 1.13961, 1.13784, 1.1358, 1.13352, 1.13102, 1.12831, 1.12543, 1.12237, 1.11916
6.48478e-06, 0.000551802, 0.00391777, 0.0129816, 0.0295735, 0.0540463, 0.0856004, 0.1228, 0.164003, 0.207644, 0.252372, 0.297101, 0.34101, 0.383505, 0.424186, 0.462801, 0.499214, 0.533372, 0.565283, 0.595, 0.6226, 0.648179, 0.671845, 0.693707, 0.713877, 0.732464, 0.749574, 0.765307, 0.779759, 0.793018, 0.805168, 0.816286, 0.826445, 0.835711, 0.844145, 0.851806, 0.858744, 0.865009, 0.870646, 0.875697, 0.880199, 0.884188, 0.887697, 0.890756, 0.893394, 0.895637, 0.897508, 0.899032, 0.900228, 0.901116
4.2053e-08, 2.49463e-05, 0.000326775, 0.0015684, 0.00464907, 0.0103972, 0.0193617, 0.0317472, 0.0474522, 0.066152, 0.0873883, 0.110646, 0.135406, 0.161186, 0.187555, 0.214143, 0.240645, 0.266813, 0.29245, 0.317409, 0.341577, 0.364875, 0.387251, 0.408671, 0.42912, 0.448596, 0.467105, 0.484663, 0.501289, 0.51701, 0.531851, 0.545844, 0.559018, 0.571406, 0.583038, 0.593946, 0.604161, 0.613712, 0.62263, 0.630943, 0.638679, 0.645864, 0.652524, 0.658683, 0.664366, 0.669594, 0.67439, 0.678774, 0.682767, 0.686386
0, 8.29741e-07, 2.16301e-05, 0.000154672, 0.000606129, 0.00167738, 0.00370506, 0.00699641, 0.0117831, 0.0182001, 0.0262849, 0.0359907, 0.0472051, 0.0597711, 0.0735048, 0.0882105, 0.103693, 0.119763, 0.136247, 0.152987, 0.169839, 0.18668, 0.203404, 0.21992, 0.23615, 0.252031, 0.267513, 0.282554, 0.297121, 0.311191, 0.324747, 0.337776, 0.350273, 0.362233, 0.37366, 0.384556, 0.394928, 0.404785, 0.414137, 0.422994, 0.431371, 0.439279, 0.446732, 0.453746, 0.460333, 0.46651, 0.47229, 0.477689, 0.48272, 0.487398
0, 2.01423e-08, 1.15071e-06, 1.26493e-05, 6.66166e-05, 0.000230581, 0.000608988, 0.00133301, 0.00254372, 0.0043746, 0.00693745, 0.0103135, 0.0145498, 0.0196596, 0.0256259, 0.0324063, 0.0399388, 0.0481475, 0.0569473, 0.0662488, 0.0759614, 0.0859964, 0.0962689, 0.106699, 0.117214, 0.127746, 0.138236, 0.148631, 0.158884, 0.168957, 0.178815, 0.18843, 0.197778, 0.206841, 0.215603, 0.224055, 0.232188, 0.239996, 0.247478, 0.254633, 0.261462, 0.267969, 0.274156, 0.28003, 0.285597, 0.290864, 0.295838, 0.300526, 0.304939, 0.309083
0, 3.47907e-10, 4.94899e-08, 8.65111e-07, 6.21349e-06, 2.7096e-05, 8.58617e-05, 0.000218093, 0.000471326, 0.000901051, 0.00156523, 0.00251866, 0.00380823, 0.00546955, 0.00752519, 0.00998429, 0.0128433, 0.0160876, 0.0196932, 0.0236289, 0.0278587, 0.0323431, 0.0370413, 0.0419122, 0.0469157, 0.0520136, 0.0571697, 0.062351, 0.0675272, 0.0726713, 0.0777592, 0.08277, 0.0876855, 0.0924905, 0.097172, 0.101719, 0.106124, 0.11038, 0.114482, 0.118426, 0.122211, 0.125835, 0.129298, 0.132602, 0.135748, 0.138738, 0.141574, 0.144261, 0.1468, 0.149197
0, 0, 0, 0, 0, 0, 0, 0, 0, 0, 0, 0, 0, 0, 0, 0, 0, 0, 0, 0, 0, 0, 0, 0, 0, 0, 0, 0, 0, 0, 0, 0, 0, 0, 0, 0, 0, 0, 0, 0, 0, 0, 0, 0, 0, 0, 0, 0, 0, 0
