0.0190639
0.0144127
0.0118243
0.0102343
0.00915253
0.00835868
0.00774418
0.00724998
0.00684105
0.00649519
0.00619756
0.00593779
0.00570841
0.00550388
0.00531995
0.00515337
0.00500154
0.00486238
0.00473422
0.00461566
0.00450555
0.00440292
0.00430697
0.00421698
0.00413235
0.00405259
0.00397722
0.00390586
0.00383816
0.00377382
0.00371257
0.00365416
0.00359838
0.00354504
0.00349397
0.003445
0.00339799
0.00335282
0.00330937
0.00326753
0.00322721
0.00318831
0.00315075
0.00311445
0.00307935
0.00304539
0.00301249
0.00298061
0.0029497
0.0029197
0.00289057
0.00286227
0.00283476
0.00280801
0.00278198
0.00275664
0.00273195
0.0027079
0.00268445
0.00266158
0.00263926
0.00261748
0.00259621
0.00257543
0.00255512
0.00253527
0.00251586
0.00249687
0.00247829
0.0024601
0.0024423
0.00242485
0.00240777
0.00239102
0.0023746
0.00235851
0.00234272
0.00232724
0.00231204
0.00229713
0.00228248
0.00226811
0.00225398
0.00224011
0.00222648
0.00221308
0.00219992
0.00218697
0.00217424
0.00216172
0.0021494
0.00213728
0.00212535
0.00211362
0.00210206
0.00209068
0.00207948
0.00206845
0.00205758
0.00204687
0.00203632
0.00202592
0.00201567
0.00200557
0.00199561
0.00198579
0.0019761
0.00196655
0.00195713
0.00194783
0.00193866
0.00192961
0.00192068
0.00191187
0.00190317
0.00189458
0.00188609
0.00187772
0.00186945
0.00186128
0.00185321
0.00184524
0.00183736
0.00182958
0.0018219
0.0018143
0.00180679
0.00179937
0.00179203
0.00178477
0.0017776
0.00177051
0.0017635
0.00175657
0.00174971
0.00174292
0.00173621
0.00172958
0.00172301
0.00171651
0.00171008
0.00170372
0.00169742
0.00169119
0.00168502
0.00167892
0.00167287
0.00166689
0.00166097
0.0016551
0.00164929
0.00164354
0.00163785
0.00163221
0.00162662
0.00162109
0.00161561
0.00161018
0.0016048
0.00159947
0.00159419
0.00158896
0.00158377
0.00157863
0.00157354
0.0015685
0.0015635
0.00155854
0.00155363
0.00154876
0.00154393
0.00153914
0.0015344
0.00152969
0.00152503
0.0015204
0.00151581
0.00151126
0.00150675
0.00150228
0.00149784
0.00149344
0.00148908
0.00148475
0.00148045
0.00147619
0.00147196
0.00146777
0.00146361
0.00145948
0.00145538
0.00145132
0.00144728
0.00144328
0.00143931
0.00143536
0.00143145
0.00142757
0.00142371
0.00141989
0.00141609
0.00141232
0.00140858
0.00140486
0.00140118
0.00139751
0.00139388
0.00139027
0.00138669
0.00138313
0.0013796
0.00137609
0.0013726
0.00136914
0.00136571
0.0013623
0.00135891
0.00135554
0.0013522
0.00134888
0.00134558
0.0013423
0.00133905
0.00133582
0.00133261
0.00132942
0.00132625
0.0013231
0.00131997
0.00131686
0.00131377
0.00131071
0.00130766
0.00130463
0.00130162
0.00129863
0.00129565
0.0012927
0.00128976
0.00128685
0.00128395
0.00128107
0.0012782
0.00127536
0.00127253
0.00126972
0.00126692
0.00126414
0.00126138
0.00125864
0.00125591
0.00125319
0.0012505
0.00124782
0.00124515
0.0012425
0.00123987
0.00123725
0.00123464
0.00123205
0.00122948
0.00122692
0.00122437
0.00122184
0.00121933
0.00121682
0.00121434
0.00121186
0.0012094
0.00120695
0.00120452
0.0012021
0.00119969
0.0011973
0.00119492
0.00119255
0.00119019
0.00118785
0.00118552
0.0011832
0.00118089
0.0011786
0.00117632
0.00117405
0.00117179
0.00116955
0.00116731
0.00116509
0.00116288
0.00116068
0.00115849
0.00115631
0.00115415
0.00115199
0.00114985
0.00114772
0.00114559
0.00114348
0.00114138
0.00113929
0.00113721
0.00113514
0.00113308
0.00113103
0.00112899
0.00112696
0.00112494
0.00112294
0.00112094
0.00111895
0.00111696
0.00111499
0.00111303
0.00111108
0.00110914
0.0011072
0.00110528
0.00110336
0.00110146
0.00109956
0.00109767
0.00109579
0.00109392
0.00109206
0.00109021
0.00108836
0.00108652
0.0010847
0.00108288
0.00108107
0.00107926
0.00107747
0.00107568
0.0010739
0.00107213
0.00107037
0.00106861
0.00106687
0.00106513
0.0010634
0.00106167
0.00105996
0.00105825
0.00105655
0.00105485
0.00105317
0.00105149
0.00104982
0.00104815
0.0010465
0.00104485
0.0010432
0.00104157
0.00103994
0.00103832
0.0010367
0.0010351
0.0010335
0.0010319
0.00103031
0.00102873
0.00102716
0.00102559
0.00102403
0.00102248
0.00102093
0.00101939
0.00101785
0.00101632
0.0010148
0.00101328
0.00101177
0.00101027
0.00100877
0.00100728
0.00100579
0.00100432
0.00100284
0.00100137
0.000999913
0.000998457
0.000997007
0.000995563
0.000994125
0.000992692
0.000991265
0.000989844
0.000988428
0.000987018
0.000985614
0.000984215
0.000982821
0.000981433
0.000980051
0.000978673
0.000977301
0.000975935
0.000974574
0.000973218
0.000971867
0.000970521
0.000969181
0.000967846
0.000966516
0.000965191
0.000963871
0.000962556
0.000961246
0.000959941
0.00095864
0.000957345
0.000956055
0.000954769
0.000953489
0.000952213
0.000950942
0.000949675
0.000948414
0.000947157
0.000945904
0.000944657
0.000943413
0.000942175
0.000940941
0.000939711
0.000938487
0.000937266
0.00093605
0.000934838
0.000933631
0.000932428
0.00093123
0.000930036
0.000928846
0.00092766
0.000926479
0.000925302
0.000924129
0.00092296
0.000921796
0.000920635
0.000919479
0.000918327
0.000917179
0.000916035
0.000914895
0.000913759
0.000912627
0.000911499
0.000910375
0.000909255
0.000908139
0.000907026
0.000905918
0.000904813
0.000903712
0.000902615
0.000901522
0.000900433
0.000899347
0.000898265
0.000897187
0.000896112
0.000895041
0.000893974
0.00089291
0.00089185
0.000890794
0.000889741
0.000888692
0.000887646
0.000886604
0.000885565
0.00088453
0.000883498
0.00088247
0.000881445
0.000880424
0.000879406
0.000878391
0.00087738
0.000876372
0.000875367
0.000874366
0.000873368
0.000872374
0.000871382
0.000870394
0.000869409
0.000868427
0.000867449
0.000866474
0.000865502
0.000864533
0.000863567
0.000862604
0.000861645
0.000860688
0.000859735
0.000858784
0.000857837
0.000856893
0.000855952
0.000855014
0.000854078
0.000853146
0.000852217
0.000851291
0.000850367
0.000849447
0.00084853
0.000847615
0.000846703
0.000845794
0.000844888
0.000843985
0.000843085
0.000842188
0.000841293
0.000840401
0.000839512
0.000838626
0.000837742
0.000836861
0.000835983
0.000835108
0.000834235
0.000833365
0.000832498
0.000831633
0.000830771
0.000829912
0.000829055
0.000828201
0.00082735
0.000826501
0.000825655
0.000824811
0.00082397
0.000823131
0.000822295
0.000821461
0.00082063
0.000819802
0.000818976
0.000818152
0.000817331
0.000816513
0.000815696
0.000814883
0.000814071
0.000813263
0.000812456
0.000811652
0.00081085
0.000810051
0.000809254
0.000808459
0.000807667
0.000806877
0.000806089
0.000805304
0.000804521
0.00080374
0.000802962
0.000802186
0.000801412
0.00080064
0.000799871
0.000799104
0.000798339
0.000797576
0.000796815
0.000796057
0.000795301
0.000794547
0.000793795
0.000793045
0.000792298
0.000791552
0.000790809
0.000790068
0.000789329
0.000788592
0.000787857
0.000787124
0.000786394
0.000785665
0.000784939
0.000784214
0.000783492
0.000782771
0.000782053
0.000781336
0.000780622
0.000779909
0.000779199
0.000778491
0.000777784
0.00077708
0.000776377
0.000775676
0.000774978
0.000774281
0.000773586
0.000772893
0.000772202
0.000771513
0.000770826
0.000770141
0.000769457
0.000768775
0.000768096
0.000767418
0.000766742
0.000766068
0.000765395
0.000764725
0.000764056
0.000763389
0.000762724
0.00076206
0.000761399
0.000760739
0.000760081
0.000759425
0.00075877
0.000758117
0.000757466
0.000756817
0.000756169
0.000755523
0.000754879
0.000754237
0.000753596
0.000752957
0.00075232
0.000751684
0.00075105
0.000750417
0.000749787
0.000749158
0.00074853
0.000747904
0.00074728
0.000746658
0.000746037
0.000745417
0.000744799
0.000744183
0.000743569
0.000742956
0.000742344
0.000741734
0.000741126
0.000740519
0.000739914
0.000739311
0.000738709
0.000738108
0.000737509
0.000736911
0.000736315
0.000735721
0.000735128
0.000734536
0.000733946
0.000733358
0.000732771
0.000732185
0.000731601
0.000731018
0.000730437
0.000729857
0.000729279
0.000728702
0.000728127
0.000727552
0.00072698
0.000726409
0.000725839
0.00072527
0.000724703
0.000724138
0.000723573
0.000723011
0.000722449
0.000721889
0.00072133
0.000720773
0.000720217
0.000719662
0.000719108
0.000718556
0.000718006
0.000717456
0.000716908
0.000716361
0.000715816
0.000715272
0.000714729
0.000714187
0.000713647
0.000713108
0.00071257
0.000712034
0.000711499
0.000710965
0.000710432
0.0007099
0.00070937
0.000708841
0.000708314
0.000707787
0.000707262
0.000706738
0.000706215
0.000705693
0.000705173
0.000704654
0.000704136
0.000703619
0.000703103
0.000702589
0.000702076
0.000701564
0.000701053
0.000700543
0.000700034
0.000699527
0.000699021
0.000698516
0.000698012
0.000697509
0.000697007
0.000696506
0.000696007
0.000695509
0.000695011
0.000694515
0.00069402
0.000693526
0.000693033
0.000692542
0.000692051
0.000691561
0.000691073
0.000690586
0.000690099
0.000689614
0.00068913
0.000688647
0.000688164
0.000687683
0.000687203
0.000686724
0.000686247
0.00068577
0.000685294
0.000684819
0.000684345
0.000683872
0.000683401
0.00068293
0.00068246
0.000681991
0.000681523
0.000681057
0.000680591
0.000680126
0.000679662
0.000679199
0.000678738
0.000678277
0.000677817
0.000677358
0.0006769
0.000676443
0.000675987
0.000675531
0.000675077
0.000674624
0.000674172
0.00067372
0.00067327
0.00067282
0.000672371
0.000671924
0.000671477
0.000671031
0.000670586
0.000670142
0.000669699
0.000669256
0.000668815
0.000668375
0.000667935
0.000667496
0.000667058
0.000666621
0.000666185
0.00066575
0.000665316
0.000664882
0.000664449
0.000664018
0.000663587
0.000663157
0.000662727
0.000662299
0.000661871
0.000661444
0.000661019
0.000660593
0.000660169
0.000659746
0.000659323
0.000658901
0.00065848
0.00065806
0.000657641
0.000657222
0.000656804
0.000656387
0.000655971
0.000655556
0.000655141
0.000654727
0.000654314
0.000653902
0.00065349
0.00065308
0.00065267
0.000652261
0.000651852
0.000651444
0.000651038
0.000650631
0.000650226
0.000649821
0.000649417
0.000649014
0.000648612
0.00064821
0.000647809
0.000647409
0.000647009
0.00064661
0.000646212
0.000645815
0.000645418
0.000645022
0.000644627
0.000644233
0.000643839
0.000643446
0.000643053
0.000642662
0.000642271
0.00064188
0.000641491
0.000641102
0.000640713
0.000640326
0.000639939
0.000639553
0.000639167
0.000638782
0.000638398
0.000638014
0.000637631
0.000637249
0.000636868
0.000636487
0.000636106
0.000635727
0.000635348
0.000634969
0.000634592
0.000634215
0.000633838
0.000633462
0.000633087
0.000632713
0.000632339
0.000631965
0.000631593
0.000631221
0.000630849
0.000630478
0.000630108
0.000629738
0.000629369
0.000629001
0.000628633
0.000628266
0.000627899
0.000627533
0.000627168
0.000626803
0.000626439
0.000626075
0.000625712
0.00062535
0.000624988
0.000624626
0.000624266
0.000623906
0.000623546
0.000623187
0.000622828
0.00062247
0.000622113
0.000621756
0.0006214
0.000621044
0.000620689
0.000620335
0.00061998
0.000619627
0.000619274
0.000618922
0.00061857
0.000618218
0.000617868
0.000617517
0.000617167
0.000616818
0.00061647
0.000616121
0.000615774
0.000615427
0.00061508
0.000614734
0.000614388
0.000614043
0.000613699
0.000613355
0.000613011
0.000612668
0.000612325
0.000611983
0.000611642
0.000611301
0.00061096
0.00061062
0.000610281
0.000609941
0.000609603
0.000609265
0.000608927
0.00060859
0.000608253
0.000607917
0.000607581
0.000607246
0.000606911
0.000606577
0.000606243
0.00060591
0.000605577
0.000605244
0.000604912
0.000604581
0.00060425
0.000603919
0.000603589
0.000603259
0.00060293
0.000602601
0.000602273
0.000601945
0.000601617
0.00060129
0.000600964
0.000600638
0.000600312
0.000599986
0.000599662
0.000599337
0.000599013
0.00059869
0.000598366
0.000598044
0.000597721
0.000597399
0.000597078
0.000596757
0.000596436
0.000596116
0.000595796
0.000595477
0.000595158
0.000594839
0.000594521
0.000594203
0.000593886
0.000593569
0.000593252
0.000592936
0.00059262
0.000592305
0.00059199
0.000591675
0.000591361
0.000591047
0.000590734
0.000590421
0.000590108
0.000589796
0.000589484
0.000589172
0.000588861
0.00058855
0.00058824
0.00058793
0.00058762
0.000587311
0.000587002
0.000586694
0.000586385
0.000586078
0.00058577
0.000585463
0.000585156
0.00058485
0.000584544
0.000584238
0.000583933
0.000583628
0.000583323
0.000583019
0.000582715
0.000582412
0.000582108
0.000581806
0.000581503
0.000581201
0.000580899
0.000580598
0.000580296
0.000579996
0.000579695
0.000579395
0.000579095
0.000578796
0.000578497
0.000578198
0.000577899
0.000577601
0.000577303
0.000577006
0.000576709
0.000576412
0.000576115
0.000575819
0.000575523
0.000575228
0.000574932
0.000574637
0.000574343
0.000574048
0.000573754
0.000573461
0.000573167
0.000572874
0.000572581
0.000572289
0.000571997
0.000571705
0.000571413
0.000571122
0.000570831
0.00057054
0.00057025
0.00056996
0.00056967
0.00056938
0.000569091
0.000568802
0.000568514
0.000568225
0.000567937
0.000567649
0.000567362
0.000567075
0.000566788
0.000566501
0.000566215
0.000565929
0.000565643
0.000565358
0.000565072
0.000564787
0.000564503
0.000564218
0.000563934
0.00056365
0.000563367
0.000563083
0.0005628
0.000562517
0.000562235
0.000561953
0.000561671
0.000561389
0.000561107
0.000560826
0.000560545
0.000560265
0.000559984
0.000559704
0.000559424
0.000559144
0.000558865
0.000558586
0.000558307
0.000558028
0.00055775
0.000557472
0.000557194
0.000556916
0.000556639
0.000556361
0.000556084
0.000555808
0.000555531
0.000555255
0.000554979
0.000554703
0.000554428
0.000554153
0.000553878
0.000553603
0.000553328
0.000553054
0.00055278
0.000552506
0.000552233
0.000551959
0.000551686
0.000551413
0.000551141
0.000550868
0.000550596
0.000550324
0.000550052
0.000549781
0.000549509
0.000549238
0.000548967
0.000548697
0.000548426
0.000548156
0.000547886
0.000547616
0.000547346
0.000547077
0.000546808
0.000546539
0.00054627
0.000546002
0.000545733
0.000545465
0.000545198
0.00054493
0.000544662
0.000544395
0.000544128
0.000543861
0.000543595
0.000543328
0.000543062
0.000542796
0.00054253
0.000542265
0.000541999
0.000541734
0.000541469
0.000541204
0.000540939
0.000540675
0.000540411
0.000540147
0.000539883
0.000539619
0.000539356
0.000539093
0.000538829
0.000538567
0.000538304
0.000538041
0.000537779
0.000537517
0.000537255
0.000536993
0.000536732
0.00053647
0.000536209
0.000535948
0.000535687
0.000535427
0.000535166
0.000534906
0.000534646
0.000534386
0.000534126
0.000533867
0.000533607
0.000533348
0.000533089
0.00053283
0.000532572
0.000532313
0.000532055
0.000531797
0.000531539
0.000531281
0.000531023
0.000530766
0.000530508
0.000530251
0.000529994
0.000529737
0.000529481
0.000529224
0.000528968
0.000528712
0.000528456
0.0005282
0.000527945
0.000527689
0.000527434
0.000527179
0.000526924
0.000526669
0.000526414
0.00052616
0.000525905
0.000525651
0.000525397
0.000525143
0.00052489
0.000524636
0.000524383
0.00052413
0.000523876
0.000523624
0.000523371
0.000523118
0.000522866
0.000522613
0.000522361
0.000522109
0.000521857
0.000521606
0.000521354
0.000521103
0.000520851
0.0005206
0.000520349
0.000520099
0.000519848
0.000519597
0.000519347
0.000519097
0.000518847
0.000518597
0.000518347
0.000518097
0.000517848
0.000517598
0.000517349
0.0005171
0.000516851
0.000516602
0.000516353
0.000516105
0.000515856
0.000515608
0.00051536
0.000515112
0.000514864
0.000514617
0.000514369
0.000514121
0.000513874
0.000513627
0.00051338
0.000513133
0.000512886
0.00051264
0.000512393
0.000512147
0.0005119
0.000511654
0.000511408
0.000511162
0.000510917
0.000510671
0.000510426
0.00051018
0.000509935
0.00050969
0.000509445
0.0005092
0.000508955
0.000508711
0.000508466
0.000508222
0.000507978
0.000507734
0.00050749
0.000507246
0.000507002
0.000506758
0.000506515
0.000506271
0.000506028
0.000505785
0.000505542
0.000505299
0.000505056
0.000504814
0.000504571
0.000504329
0.000504086
0.000503844
0.000503602
0.00050336
0.000503118
0.000502877
0.000502635
0.000502394
0.000502152
0.000501911
0.00050167
0.000501429
0.000501188
0.000500947
0.000500706
0.000500466
0.000500225
0.000499985
0.000499745
0.000499504
0.000499264
0.000499024
0.000498785
0.000498545
0.000498305
0.000498066
0.000497826
0.000497587
0.000497348
0.000497109
0.00049687
0.000496631
0.000496392
0.000496154
0.000495915
0.000495677
0.000495438
0.0004952
0.000494962
0.000494724
0.000494486
0.000494248
0.00049401
0.000493773
0.000493535
0.000493298
0.00049306
0.000492823
0.000492586
0.000492349
0.000492112
0.000491875
0.000491639
0.000491402
0.000491165
0.000490929
0.000490693
0.000490457
0.00049022
0.000489984
0.000489748
0.000489513
0.000489277
0.000489041
0.000488806
0.00048857
0.000488335
0.0004881
0.000487864
0.000487629
0.000487394
0.000487159
0.000486925
0.00048669
0.000486455
0.000486221
0.000485986
0.000485752
0.000485518
0.000485283
0.000485049
0.000484815
0.000484582
0.000484348
0.000484114
0.00048388
0.000483647
0.000483413
0.00048318
0.000482947
0.000482714
0.000482481
0.000482248
0.000482015
0.000481782
0.000481549
0.000481316
0.000481084
0.000480851
0.000480619
0.000480387
0.000480154
0.000479922
0.00047969
0.000479458
0.000479226
0.000478995
0.000478763
0.000478531
0.0004783
0.000478068
0.000477837
0.000477606
0.000477374
0.000477143
0.000476912
0.000476681
0.00047645
0.000476219
0.000475989
0.000475758
0.000475527
0.000475297
0.000475067
0.000474836
0.000474606
0.000474376
0.000474146
0.000473916
0.000473686
0.000473456
0.000473226
0.000472997
0.000472767
0.000472537
0.000472308
0.000472079
0.000471849
0.00047162
0.000471391
0.000471162
0.000470933
0.000470704
0.000470475
0.000470246
0.000470018
0.000469789
0.00046956
0.000469332
0.000469103
0.000468875
0.000468647
0.000468419
0.000468191
0.000467963
0.000467735
0.000467507
0.000467279
0.000467051
0.000466824
0.000466596
0.000466369
0.000466141
0.000465914
0.000465686
0.000465459
0.000465232
0.000465005
0.000464778
0.000464551
0.000464324
0.000464097
0.000463871
0.000463644
0.000463417
0.000463191
0.000462964
0.000462738
0.000462512
0.000462286
0.000462059
0.000461833
0.000461607
0.000461381
0.000461155
0.00046093
0.000460704
0.000460478
0.000460253
0.000460027
0.000459802
0.000459576
0.000459351
0.000459126
0.0004589
0.000458675
0.00045845
0.000458225
0.000458
0.000457775
0.00045755
0.000457326
0.000457101
0.000456876
0.000456652
0.000456427
0.000456203
0.000455979
0.000455754
0.00045553
0.000455306
0.000455082
0.000454858
0.000454634
0.00045441
0.000454186
0.000453962
0.000453739
0.000453515
0.000453291
0.000453068
0.000452844
0.000452621
0.000452398
0.000452174
0.000451951
0.000451728
0.000451505
0.000451282
0.000451059
0.000450836
0.000450613
0.000450391
0.000450168
0.000449945
0.000449723
0.0004495
0.000449278
0.000449055
0.000448833
0.000448611
0.000448389
0.000448166
0.000447944
0.000447722
0.0004475
0.000447278
0.000447056
0.000446835
0.000446613
0.000446391
0.00044617
0.000445948
0.000445727
0.000445505
0.000445284
0.000445063
0.000444841
0.00044462
0.000444399
0.000444178
0.000443957
0.000443736
0.000443515
0.000443294
0.000443073
0.000442853
0.000442632
0.000442411
0.000442191
0.00044197
0.00044175
0.000441529
0.000441309
0.000441089
0.000440869
0.000440648
0.000440428
0.000440208
0.000439988
0.000439768
0.000439549
0.000439329
0.000439109
0.000438889
0.00043867
0.00043845
0.000438231
0.000438011
0.000437792
0.000437572
0.000437353
0.000437134
0.000436915
0.000436695
0.000436476
0.000436257
0.000436038
0.000435819
0.0004356
0.000435382
0.000435163
0.000434944
0.000434726
0.000434507
0.000434288
0.00043407
0.000433852
0.000433633
0.000433415
0.000433197
0.000432978
0.00043276
0.000432542
0.000432324
0.000432106
0.000431888
0.00043167
0.000431452
0.000431235
0.000431017
0.000430799
0.000430582
0.000430364
0.000430147
0.000429929
0.000429712
0.000429494
0.000429277
0.00042906
0.000428843
0.000428625
0.000428408
0.000428191
0.000427974
0.000427757
0.00042754
0.000427324
0.000427107
0.00042689
0.000426673
0.000426457
0.00042624
0.000426024
0.000425807
0.000425591
0.000425374
0.000425158
0.000424942
0.000424726
0.00042451
0.000424293
0.000424077
0.000423861
0.000423645
0.00042343
0.000423214
0.000422998
0.000422782
0.000422566
0.000422351
0.000422135
0.00042192
0.000421704
0.000421489
0.000421273
0.000421058
0.000420843
0.000420628
0.000420412
0.000420197
0.000419982
0.000419767
0.000419552
0.000419337
0.000419122
0.000418907
0.000418693
0.000418478
0.000418263
0.000418049
0.000417834
0.000417619
0.000417405
0.000417191
0.000416976
0.000416762
0.000416548
0.000416333
0.000416119
0.000415905
0.000415691
0.000415477
0.000415263
0.000415049
0.000414835
0.000414621
0.000414407
0.000414194
0.00041398
0.000413766
0.000413553
0.000413339
0.000413126
0.000412912
0.000412699
0.000412486
0.000412272
0.000412059
0.000411846
0.000411633
0.00041142
0.000411206
0.000410993
0.00041078
0.000410568
0.000410355
0.000410142
0.000409929
0.000409716
0.000409504
0.000409291
0.000409079
0.000408866
0.000408654
0.000408441
0.000408229
0.000408016
0.000407804
0.000407592
0.00040738
0.000407168
0.000406956
0.000406743
0.000406531
0.00040632
0.000406108
0.000405896
0.000405684
0.000405472
0.000405261
0.000405049
0.000404837
0.000404626
0.000404414
0.000404203
0.000403991
0.00040378
0.000403569
0.000403357
0.000403146
0.000402935
0.000402724
0.000402513
0.000402302
0.000402091
0.00040188
0.000401669
0.000401458
0.000401247
0.000401037
0.000400826
0.000400615
0.000400405
0.000400194
0.000399983
0.000399773
0.000399563
0.000399352
0.000399142
0.000398932
0.000398721
0.000398511
0.000398301
0.000398091
0.000397881
0.000397671
0.000397461
0.000397251
0.000397041
0.000396831
0.000396622
0.000396412
0.000396202
0.000395993
0.000395783
0.000395574
0.000395364
0.000395155
0.000394945
0.000394736
0.000394527
0.000394317
0.000394108
0.000393899
0.00039369
0.000393481
0.000393272
0.000393063
0.000392854
0.000392645
0.000392436
0.000392228
0.000392019
0.00039181
0.000391602
0.000391393
0.000391185
0.000390976
0.000390768
0.000390559
0.000390351
0.000390143
0.000389934
0.000389726
0.000389518
0.00038931
0.000389102
0.000388894
0.000388686
0.000388478
0.00038827
0.000388062
0.000387854
0.000387647
0.000387439
0.000387231
0.000387024
0.000386816
0.000386609
0.000386401
0.000386194
0.000385986
0.000385779
0.000385572
0.000385365
0.000385157
0.00038495
0.000384743
0.000384536
0.000384329
0.000384122
0.000383915
0.000383709
0.000383502
0.000383295
0.000383088
0.000382882
0.000382675
0.000382468
0.000382262
0.000382055
0.000381849
0.000381643
0.000381436
0.00038123
0.000381024
0.000380818
0.000380611
0.000380405
0.000380199
0.000379993
0.000379787
0.000379581
0.000379376
0.00037917
0.000378964
0.000378758
0.000378553
0.000378347
0.000378141
0.000377936
0.00037773
0.000377525
0.000377319
0.000377114
0.000376909
0.000376704
0.000376498
0.000376293
0.000376088
0.000375883
0.000375678
0.000375473
0.000375268
0.000375063
0.000374858
0.000374654
0.000374449
0.000374244
0.00037404
0.000373835
0.00037363
0.000373426
0.000373221
0.000373017
0.000372813
0.000372608
0.000372404
0.0003722
0.000371996
0.000371792
0.000371587
0.000371383
0.000371179
0.000370975
0.000370772
0.000370568
0.000370364
0.00037016
0.000369957
0.000369753
0.000369549
0.000369346
0.000369142
0.000368939
0.000368735
0.000368532
0.000368329
0.000368125
0.000367922
0.000367719
0.000367516
0.000367313
0.00036711
0.000366907
0.000366704
0.000366501
0.000366298
0.000366095
0.000365892
0.00036569
0.000365487
0.000365284
0.000365082
0.000364879
0.000364677
0.000364474
0.000364272
0.00036407
0.000363867
0.000363665
0.000363463
0.000363261
0.000363059
0.000362857
0.000362655
0.000362453
0.000362251
0.000362049
0.000361847
0.000361646
0.000361444
0.000361242
0.000361041
0.000360839
0.000360637
0.000360436
0.000360235
0.000360033
0.000359832
0.000359631
0.000359429
0.000359228
0.000359027
0.000358826
0.000358625
0.000358424
0.000358223
0.000358022
0.000357821
0.000357621
0.00035742
0.000357219
0.000357018
0.000356818
0.000356617
0.000356417
0.000356216
0.000356016
0.000355816
0.000355615
0.000355415
0.000355215
0.000355015
0.000354814
0.000354614
0.000354414
0.000354214
0.000354015
0.000353815
0.000353615
0.000353415
0.000353215
0.000353016
0.000352816
0.000352616
0.000352417
0.000352217
0.000352018
0.000351819
0.000351619
0.00035142
0.000351221
0.000351022
0.000350822
0.000350623
0.000350424
0.000350225
0.000350026
0.000349827
0.000349629
0.00034943
0.000349231
0.000349032
0.000348834
0.000348635
0.000348436
0.000348238
0.00034804
0.000347841
0.000347643
0.000347444
0.000347246
0.000347048
0.00034685
0.000346652
0.000346454
0.000346256
0.000346058
0.00034586
0.000345662
0.000345464
0.000345266
0.000345069
0.000344871
0.000344673
0.000344476
0.000344278
0.000344081
0.000343883
0.000343686
0.000343489
0.000343291
0.000343094
0.000342897
0.0003427
0.000342503
0.000342306
0.000342109
0.000341912
0.000341715
0.000341518
0.000341321
0.000341125
0.000340928
0.000340731
0.000340535
0.000340338
0.000340142
0.000339945
0.000339749
0.000339553
0.000339357
0.00033916
0.000338964
0.000338768
0.000338572
0.000338376
0.00033818
0.000337984
0.000337788
0.000337592
0.000337397
0.000337201
0.000337005
0.00033681
0.000336614
0.000336419
0.000336223
0.000336028
0.000335832
0.000335637
0.000335442
0.000335247
0.000335051
0.000334856
0.000334661
0.000334466
0.000334271
0.000334076
0.000333882
0.000333687
0.000333492
0.000333297
0.000333103
0.000332908
0.000332714
0.000332519
0.000332325
0.00033213
0.000331936
0.000331742
0.000331547
0.000331353
0.000331159
0.000330965
0.000330771
0.000330577
0.000330383
0.000330189
0.000329995
0.000329802
0.000329608
0.000329414
0.000329221
0.000329027
0.000328834
0.00032864
0.000328447
0.000328253
0.00032806
0.000327867
0.000327674
0.000327481
0.000327287
0.000327094
0.000326901
0.000326708
0.000326516
0.000326323
0.00032613
0.000325937
0.000325745
0.000325552
0.000325359
0.000325167
0.000324974
0.000324782
0.00032459
0.000324397
0.000324205
0.000324013
0.000323821
0.000323629
0.000323437
0.000323245
0.000323053
0.000322861
0.000322669
0.000322477
0.000322285
0.000322094
0.000321902
0.000321711
0.000321519
0.000321328
0.000321136
0.000320945
0.000320754
0.000320562
0.000320371
0.00032018
0.000319989
0.000319798
0.000319607
0.000319416
0.000319225
0.000319034
0.000318843
0.000318653
0.000318462
0.000318271
0.000318081
0.00031789
0.0003177
0.00031751
0.000317319
0.000317129
0.000316939
0.000316748
0.000316558
0.000316368
0.000316178
0.000315988
0.000315798
0.000315609
0.000315419
0.000315229
0.000315039
0.00031485
0.00031466
0.000314471
0.000314281
0.000314092
0.000313902
0.000313713
0.000313524
0.000313334
0.000313145
0.000312956
0.000312767
0.000312578
0.000312389
0.0003122
0.000312012
0.000311823
0.000311634
0.000311445
0.000311257
0.000311068
0.00031088
0.000310691
0.000310503
0.000310315
0.000310126
0.000309938
0.00030975
0.000309562
0.000309374
0.000309186
0.000308998
0.00030881
0.000308622
0.000308434
0.000308247
0.000308059
0.000307871
0.000307684
0.000307496
0.000307309
0.000307121
0.000306934
0.000306747
0.00030656
0.000306372
0.000306185
0.000305998
0.000305811
0.000305624
0.000305437
0.00030525
0.000305064
0.000304877
0.00030469
0.000304504
0.000304317
0.000304131
0.000303944
0.000303758
0.000303571
0.000303385
0.000303199
0.000303013
0.000302827
0.000302641
0.000302455
0.000302269
0.000302083
0.000301897
0.000301711
0.000301525
0.00030134
0.000301154
0.000300969
0.000300783
0.000300598
0.000300412
0.000300227
0.000300042
0.000299857
0.000299671
0.000299486
0.000299301
0.000299116
0.000298931
0.000298746
0.000298562
0.000298377
0.000298192
0.000298008
0.000297823
0.000297638
0.000297454
0.00029727
0.000297085
0.000296901
0.000296717
0.000296532
0.000296348
0.000296164
0.00029598
0.000295796
0.000295612
0.000295429
0.000295245
0.000295061
0.000294877
0.000294694
0.00029451
0.000294327
0.000294143
0.00029396
0.000293777
0.000293593
0.00029341
0.000293227
0.000293044
0.000292861
0.000292678
0.000292495
0.000292312
0.000292129
0.000291947
0.000291764
0.000291581
0.000291399
0.000291216
0.000291034
0.000290851
0.000290669
0.000290487
0.000290305
0.000290122
0.00028994
0.000289758
0.000289576
0.000289394
0.000289212
0.000289031
0.000288849
0.000288667
0.000288486
0.000288304
0.000288123
0.000287941
0.00028776
0.000287578
0.000287397
0.000287216
0.000287035
0.000286854
0.000286673
0.000286492
0.000286311
0.00028613
0.000285949
0.000285768
0.000285587
0.000285407
0.000285226
0.000285046
0.000284865
0.000284685
0.000284505
0.000284324
0.000284144
0.000283964
0.000283784
0.000283604
0.000283424
0.000283244
0.000283064
0.000282884
0.000282705
0.000282525
0.000282345
0.000282166
0.000281986
0.000281807
0.000281627
0.000281448
0.000281269
0.00028109
0.00028091
0.000280731
0.000280552
0.000280373
0.000280194
0.000280016
0.000279837
0.000279658
0.000279479
0.000279301
0.000279122
0.000278944
0.000278765
0.000278587
0.000278409
0.000278231
0.000278052
0.000277874
0.000277696
0.000277518
0.00027734
0.000277162
0.000276985
0.000276807
0.000276629
0.000276452
0.000276274
0.000276096
0.000275919
0.000275742
0.000275564
0.000275387
0.00027521
0.000275033
0.000274856
0.000274679
0.000274502
0.000274325
0.000274148
0.000273971
0.000273794
0.000273618
0.000273441
0.000273265
0.000273088
0.000272912
0.000272735
0.000272559
0.000272383
0.000272207
0.000272031
0.000271855
0.000271679
0.000271503
0.000271327
0.000271151
0.000270975
0.0002708
0.000270624
0.000270449
0.000270273
0.000270098
0.000269922
0.000269747
0.000269572
0.000269397
0.000269221
0.000269046
0.000268871
0.000268697
0.000268522
0.000268347
0.000268172
0.000267997
0.000267823
0.000267648
0.000267474
0.000267299
0.000267125
0.000266951
0.000266776
0.000266602
0.000266428
0.000266254
0.00026608
0.000265906
0.000265732
0.000265559
0.000265385
0.000265211
0.000265038
0.000264864
0.00026469
0.000264517
0.000264344
0.00026417
0.000263997
0.000263824
0.000263651
0.000263478
0.000263305
0.000263132
0.000262959
0.000262786
0.000262614
0.000262441
0.000262268
0.000262096
0.000261923
0.000261751
0.000261578
0.000261406
0.000261234
0.000261062
0.00026089
0.000260718
0.000260546
0.000260374
0.000260202
0.00026003
0.000259858
0.000259687
0.000259515
0.000259344
0.000259172
0.000259001
0.000258829
0.000258658
0.000258487
0.000258316
0.000258145
0.000257974
0.000257803
0.000257632
0.000257461
0.00025729
0.00025712
0.000256949
0.000256778
0.000256608
0.000256438
0.000256267
0.000256097
0.000255927
0.000255756
0.000255586
0.000255416
0.000255246
0.000255076
0.000254906
0.000254737
0.000254567
0.000254397
0.000254228
0.000254058
0.000253889
0.000253719
0.00025355
0.000253381
0.000253211
0.000253042
0.000252873
0.000252704
0.000252535
0.000252366
0.000252197
0.000252029
0.00025186
0.000251691
0.000251523
0.000251354
0.000251186
0.000251018
0.000250849
0.000250681
0.000250513
0.000250345
0.000250177
0.000250009
0.000249841
0.000249673
0.000249505
0.000249337
0.00024917
0.000249002
0.000248835
0.000248667
0.0002485
0.000248332
0.000248165
0.000247998
0.000247831
0.000247664
0.000247497
0.00024733
0.000247163
0.000246996
0.000246829
0.000246663
0.000246496
0.00024633
0.000246163
0.000245997
0.00024583
0.000245664
0.000245498
0.000245332
0.000245166
0.000245
0.000244834
0.000244668
0.000244502
0.000244336
0.000244171
0.000244005
0.000243839
0.000243674
0.000243509
0.000243343
0.000243178
0.000243013
0.000242847
0.000242682
0.000242517
0.000242352
0.000242188
0.000242023
0.000241858
0.000241693
0.000241529
0.000241364
0.0002412
0.000241035
0.000240871
0.000240707
0.000240542
0.000240378
0.000240214
0.00024005
0.000239886
0.000239722
0.000239558
0.000239395
0.000239231
0.000239067
0.000238904
0.00023874
0.000238577
0.000238413
0.00023825
0.000238087
0.000237924
0.000237761
0.000237598
0.000237435
0.000237272
0.000237109
0.000236946
0.000236784
0.000236621
0.000236458
0.000236296
0.000236134
0.000235971
0.000235809
0.000235647
0.000235485
0.000235322
0.00023516
0.000234998
0.000234837
0.000234675
0.000234513
0.000234351
0.00023419
0.000234028
0.000233867
0.000233705
0.000233544
0.000233383
0.000233222
0.00023306
0.000232899
0.000232738
0.000232577
0.000232417
0.000232256
0.000232095
0.000231934
0.000231774
0.000231613
0.000231453
0.000231292
0.000231132
0.000230972
0.000230812
0.000230651
0.000230491
0.000230331
0.000230172
0.000230012
0.000229852
0.000229692
0.000229533
0.000229373
0.000229213
0.000229054
0.000228895
0.000228735
0.000228576
0.000228417
0.000228258
0.000228099
0.00022794
0.000227781
0.000227622
0.000227463
0.000227305
0.000227146
0.000226988
0.000226829
0.000226671
0.000226512
0.000226354
0.000226196
0.000226038
0.00022588
0.000225722
0.000225564
0.000225406
0.000225248
0.00022509
0.000224933
0.000224775
0.000224618
0.00022446
0.000224303
0.000224145
0.000223988
0.000223831
0.000223674
0.000223517
0.00022336
0.000223203
0.000223046
0.000222889
0.000222733
0.000222576
0.000222419
0.000222263
0.000222107
0.00022195
0.000221794
0.000221638
0.000221482
0.000221325
0.000221169
0.000221014
0.000220858
0.000220702
0.000220546
0.00022039
0.000220235
0.000220079
0.000219924
0.000219769
0.000219613
0.000219458
0.000219303
0.000219148
0.000218993
0.000218838
0.000218683
0.000218528
0.000218373
0.000218219
0.000218064
0.000217909
0.000217755
0.0002176
0.000217446
0.000217292
0.000217138
0.000216984
0.000216829
0.000216675
0.000216522
0.000216368
0.000216214
0.00021606
0.000215907
0.000215753
0.000215599
0.000215446
0.000215293
0.000215139
0.000214986
0.000214833
0.00021468
0.000214527
0.000214374
0.000214221
0.000214068
0.000213916
0.000213763
0.00021361
0.000213458
0.000213305
0.000213153
0.000213001
0.000212848
0.000212696
0.000212544
0.000212392
0.00021224
0.000212088
0.000211936
0.000211785
0.000211633
0.000211481
0.00021133
0.000211178
0.000211027
0.000210875
0.000210724
0.000210573
0.000210422
0.000210271
0.00021012
0.000209969
0.000209818
0.000209667
0.000209517
0.000209366
0.000209215
0.000209065
0.000208914
0.000208764
0.000208614
0.000208464
0.000208314
0.000208163
0.000208013
0.000207864
0.000207714
0.000207564
0.000207414
0.000207264
0.000207115
0.000206965
0.000206816
0.000206667
0.000206517
0.000206368
0.000206219
0.00020607
0.000205921
0.000205772
0.000205623
0.000205474
0.000205325
0.000205177
0.000205028
0.00020488
0.000204731
0.000204583
0.000204435
0.000204286
0.000204138
0.00020399
0.000203842
0.000203694
0.000203546
0.000203398
0.000203251
0.000203103
0.000202955
0.000202808
0.00020266
0.000202513
0.000202366
0.000202219
0.000202071
0.000201924
0.000201777
0.00020163
0.000201483
0.000201337
0.00020119
0.000201043
0.000200897
0.00020075
0.000200604
0.000200457
0.000200311
0.000200165
0.000200018
0.000199872
0.000199726
0.00019958
0.000199434
0.000199289
0.000199143
0.000198997
0.000198852
0.000198706
0.000198561
0.000198415
0.00019827
0.000198125
0.000197979
0.000197834
0.000197689
0.000197544
0.000197399
0.000197255
0.00019711
0.000196965
0.000196821
0.000196676
0.000196532
0.000196387
0.000196243
0.000196099
0.000195954
0.00019581
0.000195666
0.000195522
0.000195378
0.000195235
0.000195091
0.000194947
0.000194803
0.00019466
0.000194516
0.000194373
0.00019423
0.000194087
0.000193943
0.0001938
0.000193657
0.000193514
0.000193371
0.000193228
0.000193086
0.000192943
0.0001928
0.000192658
0.000192515
0.000192373
0.000192231
0.000192088
0.000191946
0.000191804
0.000191662
0.00019152
0.000191378
0.000191236
0.000191095
0.000190953
0.000190811
0.00019067
0.000190528
0.000190387
0.000190246
0.000190104
0.000189963
0.000189822
0.000189681
0.00018954
0.000189399
0.000189258
0.000189118
0.000188977
0.000188836
0.000188696
0.000188555
0.000188415
0.000188275
0.000188135
0.000187994
0.000187854
0.000187714
0.000187574
0.000187434
0.000187295
0.000187155
0.000187015
0.000186876
0.000186736
0.000186597
0.000186457
0.000186318
0.000186179
0.000186039
0.0001859
0.000185761
0.000185622
0.000185484
0.000185345
0.000185206
0.000185067
0.000184929
0.00018479
0.000184652
0.000184513
0.000184375
0.000184237
0.000184099
0.000183961
0.000183823
0.000183685
0.000183547
0.000183409
0.000183271
0.000183134
0.000182996
0.000182858
0.000182721
0.000182584
0.000182446
0.000182309
0.000182172
0.000182035
0.000181898
0.000181761
0.000181624
0.000181487
0.000181351
0.000181214
0.000181077
0.000180941
0.000180804
0.000180668
0.000180532
0.000180396
0.000180259
0.000180123
0.000179987
0.000179851
0.000179716
0.00017958
0.000179444
0.000179308
0.000179173
0.000179037
0.000178902
0.000178767
0.000178631
0.000178496
0.000178361
0.000178226
0.000178091
0.000177956
0.000177821
0.000177686
0.000177552
0.000177417
0.000177282
0.000177148
0.000177014
0.000176879
0.000176745
0.000176611
0.000176477
0.000176343
0.000176209
0.000176075
0.000175941
0.000175807
0.000175673
0.00017554
0.000175406
0.000175273
0.000175139
0.000175006
0.000174873
0.00017474
0.000174606
0.000174473
0.00017434
0.000174208
0.000174075
0.000173942
0.000173809
0.000173677
0.000173544
0.000173412
0.000173279
0.000173147
0.000173015
0.000172882
0.00017275
0.000172618
0.000172486
0.000172354
0.000172223
0.000172091
0.000171959
0.000171828
0.000171696
0.000171565
0.000171433
0.000171302
0.000171171
0.00017104
0.000170908
0.000170777
0.000170646
0.000170516
0.000170385
0.000170254
0.000170123
0.000169993
0.000169862
0.000169732
0.000169601
0.000169471
0.000169341
0.000169211
0.000169081
0.000168951
0.000168821
0.000168691
0.000168561
0.000168431
0.000168302
0.000168172
0.000168043
0.000167913
0.000167784
0.000167654
0.000167525
0.000167396
0.000167267
0.000167138
0.000167009
0.00016688
0.000166751
0.000166623
0.000166494
0.000166365
0.000166237
0.000166108
0.00016598
0.000165852
0.000165724
0.000165595
0.000165467
0.000165339
0.000165211
0.000165084
0.000164956
0.000164828
0.0001647
0.000164573
0.000164445
0.000164318
0.000164191
0.000164063
0.000163936
0.000163809
0.000163682
0.000163555
0.000163428
0.000163301
0.000163174
0.000163048
0.000162921
0.000162795
0.000162668
0.000162542
0.000162415
0.000162289
0.000162163
0.000162037
0.000161911
0.000161785
0.000161659
0.000161533
0.000161407
0.000161281
0.000161156
0.00016103
0.000160905
0.000160779
0.000160654
0.000160529
0.000160404
0.000160278
0.000160153
0.000160028
0.000159904
0.000159779
0.000159654
0.000159529
0.000159405
0.00015928
0.000159156
0.000159031
0.000158907
0.000158783
0.000158658
0.000158534
0.00015841
0.000158286
0.000158162
0.000158039
0.000157915
0.000157791
0.000157668
0.000157544
0.00015742
0.000157297
0.000157174
0.000157051
0.000156927
0.000156804
0.000156681
0.000156558
0.000156435
0.000156312
0.00015619
0.000156067
0.000155944
0.000155822
0.000155699
0.000155577
0.000155455
0.000155332
0.00015521
0.000155088
0.000154966
0.000154844
0.000154722
0.0001546
0.000154479
0.000154357
0.000154235
0.000154114
0.000153992
0.000153871
0.00015375
0.000153628
0.000153507
0.000153386
0.000153265
0.000153144
0.000153023
0.000152902
0.000152782
0.000152661
0.00015254
0.00015242
0.000152299
0.000152179
0.000152059
0.000151938
0.000151818
0.000151698
0.000151578
0.000151458
0.000151338
0.000151218
0.000151099
0.000150979
0.000150859
0.00015074
0.00015062
0.000150501
0.000150382
0.000150262
0.000150143
0.000150024
0.000149905
0.000149786
0.000149667
0.000149548
0.00014943
0.000149311
0.000149192
0.000149074
0.000148955
0.000148837
0.000148719
0.0001486
0.000148482
0.000148364
0.000148246
0.000148128
0.00014801
0.000147892
0.000147775
0.000147657
0.000147539
0.000147422
0.000147304
0.000147187
0.00014707
0.000146952
0.000146835
0.000146718
0.000146601
0.000146484
0.000146367
0.00014625
0.000146134
0.000146017
0.0001459
0.000145784
0.000145667
0.000145551
0.000145434
0.000145318
0.000145202
0.000145086
0.00014497
0.000144854
0.000144738
0.000144622
0.000144506
0.000144391
0.000144275
0.000144159
0.000144044
0.000143929
0.000143813
0.000143698
0.000143583
0.000143468
0.000143353
0.000143238
0.000143123
0.000143008
0.000142893
0.000142778
0.000142664
0.000142549
0.000142435
0.00014232
0.000142206
0.000142091
0.000141977
0.000141863
0.000141749
0.000141635
0.000141521
0.000141407
0.000141293
0.00014118
0.000141066
0.000140953
0.000140839
0.000140726
0.000140612
0.000140499
0.000140386
0.000140272
0.000140159
0.000140046
0.000139933
0.000139821
0.000139708
0.000139595
0.000139482
0.00013937
0.000139257
0.000139145
0.000139032
0.00013892
0.000138808
0.000138696
0.000138584
0.000138472
0.00013836
0.000138248
0.000138136
0.000138024
0.000137912
0.000137801
0.000137689
0.000137578
0.000137466
0.000137355
0.000137244
0.000137133
0.000137021
0.00013691
0.000136799
0.000136688
0.000136578
0.000136467
0.000136356
0.000136246
0.000136135
0.000136024
0.000135914
0.000135804
0.000135693
0.000135583
0.000135473
0.000135363
0.000135253
0.000135143
0.000135033
0.000134923
0.000134814
0.000134704
0.000134594
0.000134485
0.000134375
0.000134266
0.000134157
0.000134047
0.000133938
0.000133829
0.00013372
0.000133611
0.000133502
0.000133393
0.000133285
0.000133176
0.000133067
0.000132959
0.00013285
0.000132742
0.000132634
0.000132525
0.000132417
0.000132309
0.000132201
0.000132093
0.000131985
0.000131877
0.000131769
0.000131662
0.000131554
0.000131446
0.000131339
0.000131232
0.000131124
0.000131017
0.00013091
0.000130802
0.000130695
0.000130588
0.000130481
0.000130374
0.000130268
0.000130161
0.000130054
0.000129948
0.000129841
0.000129735
0.000129628
0.000129522
0.000129416
0.000129309
0.000129203
0.000129097
0.000128991
0.000128885
0.000128779
0.000128674
0.000128568
0.000128462
0.000128357
0.000128251
0.000128146
0.00012804
0.000127935
0.00012783
0.000127725
0.00012762
0.000127515
0.00012741
0.000127305
0.0001272
0.000127095
0.00012699
0.000126886
0.000126781
0.000126677
0.000126572
0.000126468
0.000126364
0.00012626
0.000126155
0.000126051
0.000125947
0.000125843
0.00012574
0.000125636
0.000125532
0.000125428
0.000125325
0.000125221
0.000125118
0.000125014
0.000124911
0.000124808
0.000124705
0.000124602
0.000124498
0.000124395
0.000124293
0.00012419
0.000124087
0.000123984
0.000123882
0.000123779
0.000123677
0.000123574
0.000123472
0.000123369
0.000123267
0.000123165
0.000123063
0.000122961
0.000122859
0.000122757
0.000122655
0.000122553
0.000122452
0.00012235
0.000122249
0.000122147
0.000122046
0.000121944
0.000121843
0.000121742
0.000121641
0.00012154
0.000121439
0.000121338
0.000121237
0.000121136
0.000121035
0.000120934
0.000120834
0.000120733
0.000120633
0.000120532
0.000120432
0.000120332
0.000120232
0.000120131
0.000120031
0.000119931
0.000119831
0.000119732
0.000119632
0.000119532
0.000119432
0.000119333
0.000119233
0.000119134
0.000119034
0.000118935
0.000118836
0.000118737
0.000118637
0.000118538
0.000118439
0.00011834
0.000118242
0.000118143
0.000118044
0.000117945
0.000117847
0.000117748
0.00011765
0.000117551
0.000117453
0.000117355
0.000117257
0.000117158
0.00011706
0.000116962
0.000116864
0.000116767
0.000116669
0.000116571
0.000116473
0.000116376
0.000116278
0.000116181
0.000116083
0.000115986
0.000115889
0.000115792
0.000115694
0.000115597
0.0001155
0.000115403
0.000115306
0.00011521
0.000115113
0.000115016
0.00011492
0.000114823
0.000114727
0.00011463
0.000114534
0.000114438
0.000114341
0.000114245
0.000114149
0.000114053
0.000113957
0.000113861
0.000113765
0.00011367
0.000113574
0.000113478
0.000113383
0.000113287
0.000113192
0.000113097
0.000113001
0.000112906
0.000112811
0.000112716
0.000112621
0.000112526
0.000112431
0.000112336
0.000112241
0.000112147
0.000112052
0.000111957
0.000111863
0.000111769
0.000111674
0.00011158
0.000111486
0.000111391
0.000111297
0.000111203
0.000111109
0.000111015
0.000110922
0.000110828
0.000110734
0.00011064
0.000110547
0.000110453
0.00011036
0.000110266
0.000110173
0.00011008
0.000109987
0.000109893
0.0001098
0.000109707
0.000109614
0.000109522
0.000109429
0.000109336
0.000109243
0.000109151
0.000109058
0.000108966
0.000108873
0.000108781
0.000108689
0.000108596
0.000108504
0.000108412
0.00010832
0.000108228
0.000108136
0.000108044
0.000107953
0.000107861
0.000107769
0.000107678
0.000107586
0.000107495
0.000107403
0.000107312
0.000107221
0.000107129
0.000107038
0.000106947
0.000106856
0.000106765
0.000106674
0.000106584
0.000106493
0.000106402
0.000106312
0.000106221
0.00010613
0.00010604
0.00010595
0.000105859
0.000105769
0.000105679
0.000105589
0.000105499
0.000105409
0.000105319
0.000105229
0.000105139
0.00010505
0.00010496
0.00010487
0.000104781
0.000104691
0.000104602
0.000104512
0.000104423
0.000104334
0.000104245
0.000104156
0.000104067
0.000103978
0.000103889
0.0001038
0.000103711
0.000103623
0.000103534
0.000103445
0.000103357
0.000103268
0.00010318
0.000103092
0.000103003
0.000102915
0.000102827
0.000102739
0.000102651
0.000102563
0.000102475
0.000102387
0.000102299
0.000102212
0.000102124
0.000102036
0.000101949
0.000101861
0.000101774
0.000101687
0.0001016
0.000101512
0.000101425
0.000101338
0.000101251
0.000101164
0.000101077
0.00010099
0.000100904
0.000100817
0.00010073
0.000100644
0.000100557
0.000100471
0.000100384
0.000100298
0.000100212
0.000100126
0.000100039
9.99534e-05
