0,0
0.001,1.66667e-10
0.002,1.33333e-09
0.003,3.5e-09
0.004,6.66666e-09
0.005,1.08333e-08
0.006,1.59999e-08
0.007,2.21665e-08
0.008,2.93331e-08
0.009,3.74996e-08
0.01,4.66661e-08
0.011,5.68325e-08
0.012,6.79987e-08
0.013,8.01649e-08
0.014,9.33309e-08
0.015,1.07497e-07
0.016,1.22662e-07
0.017,1.38828e-07
0.018,1.55993e-07
0.019,1.74158e-07
0.02,1.93322e-07
0.021,2.13486e-07
0.022,2.3465e-07
0.023,2.56813e-07
0.024,2.79976e-07
0.025,3.04138e-07
0.026,3.293e-07
0.027,3.55461e-07
0.028,3.82622e-07
0.029,4.10781e-07
0.03,4.3994e-07
0.031,4.70098e-07
0.032,5.01255e-07
0.033,5.33411e-07
0.034,5.66566e-07
0.035,6.0072e-07
0.036,6.35873e-07
0.037,6.72025e-07
0.038,7.09175e-07
0.039,7.47324e-07
0.04,7.86471e-07
0.041,8.26617e-07
0.042,8.67762e-07
0.043,9.09904e-07
0.044,9.53045e-07
0.045,9.97184e-07
0.046,1.04232e-06
0.047,1.08846e-06
0.048,1.13559e-06
0.049,1.18372e-06
0.05,1.23285e-06
0.051,1.28297e-06
0.052,1.3341e-06
0.053,1.38622e-06
0.054,1.43934e-06
0.055,1.49345e-06
0.056,1.54856e-06
0.057,1.60467e-06
0.058,1.66178e-06
0.059,1.71988e-06
0.06,1.77898e-06
0.061,1.83908e-06
0.062,1.90017e-06
0.063,1.96226e-06
0.064,2.02534e-06
0.065,2.08942e-06
0.066,2.1545e-06
0.067,2.22057e-06
0.068,2.28764e-06
0.069,2.35571e-06
0.07,2.42476e-06
0.071,2.49482e-06
0.072,2.56587e-06
0.073,2.63791e-06
0.074,2.71095e-06
0.075,2.78498e-06
0.076,2.86001e-06
0.077,2.93604e-06
0.078,3.01305e-06
0.079,3.09106e-06
0.08,3.17007e-06
0.081,3.25007e-06
0.082,3.33106e-06
0.083,3.41304e-06
0.084,3.49602e-06
0.085,3.57999e-06
0.086,3.66496e-06
0.087,3.75092e-06
0.088,3.83787e-06
0.089,3.92581e-06
0.09,4.01474e-06
0.091,4.10467e-06
0.092,4.19559e-06
0.093,4.2875e-06
0.094,4.3804e-06
0.095,4.47429e-06
0.096,4.56918e-06
0.097,4.66505e-06
0.098,4.76192e-06
0.099,4.85978e-06
0.1,4.95862e-06
0.101,5.05846e-06
0.102,5.15929e-06
0.103,5.26111e-06
0.104,5.36391e-06
0.105,5.46771e-06
0.106,5.57249e-06
0.107,5.67827e-06
0.108,5.78503e-06
0.109,5.89278e-06
0.11,6.00152e-06
0.111,6.11125e-06
0.112,6.22197e-06
0.113,6.33367e-06
0.114,6.44636e-06
0.115,6.56004e-06
0.116,6.6747e-06
0.117,6.79036e-06
0.118,6.90699e-06
0.119,7.02462e-06
0.12,7.14323e-06
0.121,7.26283e-06
0.122,7.38341e-06
0.123,7.50498e-06
0.124,7.62753e-06
0.125,7.75107e-06
0.126,7.87559e-06
0.127,8.0011e-06
0.128,8.12759e-06
0.129,8.25506e-06
0.13,8.38352e-06
0.131,8.51296e-06
0.132,8.64338e-06
0.133,8.77479e-06
0.134,8.90718e-06
0.135,9.04055e-06
0.136,9.17491e-06
0.137,9.31025e-06
0.138,9.44656e-06
0.139,9.58386e-06
0.14,9.72214e-06
0.141,9.8614e-06
0.142,1.00016e-05
0.143,1.01429e-05
0.144,1.02851e-05
0.145,1.04282e-05
0.146,1.05724e-05
0.147,1.07175e-05
0.148,1.08637e-05
0.149,1.10108e-05
0.15,1.11588e-05
0.151,1.13079e-05
0.152,1.14579e-05
0.153,1.16089e-05
0.154,1.17609e-05
0.155,1.19139e-05
0.156,1.20678e-05
0.157,1.22227e-05
0.158,1.23786e-05
0.159,1.25355e-05
0.16,1.26933e-05
0.161,1.28521e-05
0.162,1.30119e-05
0.163,1.31727e-05
0.164,1.33344e-05
0.165,1.34971e-05
0.166,1.36608e-05
0.167,1.38254e-05
0.168,1.39911e-05
0.169,1.41577e-05
0.17,1.43252e-05
0.171,1.44938e-05
0.172,1.46633e-05
0.173,1.48338e-05
0.174,1.50052e-05
0.175,1.51777e-05
0.176,1.53511e-05
0.177,1.55254e-05
0.178,1.57008e-05
0.179,1.58771e-05
0.18,1.60543e-05
0.181,1.62326e-05
0.182,1.64118e-05
0.183,1.6592e-05
0.184,1.67731e-05
0.185,1.69552e-05
0.186,1.71383e-05
0.187,1.73223e-05
0.188,1.75073e-05
0.189,1.76933e-05
0.19,1.78802e-05
0.191,1.80681e-05
0.192,1.8257e-05
0.193,1.84468e-05
0.194,1.86376e-05
0.195,1.88294e-05
0.196,1.90221e-05
0.197,1.92158e-05
0.198,1.94104e-05
0.199,1.9606e-05
0.2,1.98026e-05
0.201,2.00001e-05
0.202,2.01986e-05
0.203,2.0398e-05
0.204,2.05984e-05
0.205,2.07998e-05
0.206,2.10021e-05
0.207,2.12054e-05
0.208,2.14096e-05
0.209,2.16148e-05
0.21,2.1821e-05
0.211,2.20281e-05
0.212,2.22361e-05
0.213,2.24451e-05
0.214,2.26551e-05
0.215,2.2866e-05
0.216,2.30779e-05
0.217,2.32908e-05
0.218,2.35046e-05
0.219,2.37193e-05
0.22,2.3935e-05
0.221,2.41516e-05
0.222,2.43692e-05
0.223,2.45878e-05
0.224,2.48073e-05
0.225,2.50277e-05
0.226,2.52492e-05
0.227,2.54715e-05
0.228,2.56948e-05
0.229,2.59191e-05
0.23,2.61443e-05
0.231,2.63704e-05
0.232,2.65975e-05
0.233,2.68255e-05
0.234,2.70545e-05
0.235,2.72845e-05
0.236,2.75153e-05
0.237,2.77472e-05
0.238,2.79799e-05
0.239,2.82136e-05
0.24,2.84483e-05
0.241,2.86839e-05
0.242,2.89204e-05
0.243,2.91579e-05
0.244,2.93963e-05
0.245,2.96357e-05
0.246,2.9876e-05
0.247,3.01173e-05
0.248,3.03595e-05
0.249,3.06026e-05
0.25,3.08467e-05
0.251,3.10917e-05
0.252,3.13376e-05
0.253,3.15845e-05
0.254,3.18323e-05
0.255,3.20811e-05
0.256,3.23308e-05
0.257,3.25814e-05
0.258,3.28329e-05
0.259,3.30854e-05
0.26,3.33389e-05
0.261,3.35932e-05
0.262,3.38485e-05
0.263,3.41047e-05
0.264,3.43619e-05
0.265,3.462e-05
0.266,3.4879e-05
0.267,3.5139e-05
0.268,3.53999e-05
0.269,3.56617e-05
0.27,3.59244e-05
0.271,3.61881e-05
0.272,3.64527e-05
0.273,3.67182e-05
0.274,3.69846e-05
0.275,3.7252e-05
0.276,3.75203e-05
0.277,3.77895e-05
0.278,3.80597e-05
0.279,3.83308e-05
0.28,3.86028e-05
0.281,3.88757e-05
0.282,3.91495e-05
0.283,3.94243e-05
0.284,3.97e-05
0.285,3.99766e-05
0.286,4.02541e-05
0.287,4.05326e-05
0.288,4.08119e-05
0.289,4.10922e-05
0.29,4.13734e-05
0.291,4.16555e-05
0.292,4.19386e-05
0.293,4.22225e-05
0.294,4.25074e-05
0.295,4.27932e-05
0.296,4.30799e-05
0.297,4.33675e-05
0.298,4.3656e-05
0.299,4.39454e-05
0.3,4.42358e-05
0.301,4.4527e-05
0.302,4.48192e-05
0.303,4.51123e-05
0.304,4.54063e-05
0.305,4.57012e-05
0.306,4.5997e-05
0.307,4.62937e-05
0.308,4.65913e-05
0.309,4.68899e-05
0.31,4.71893e-05
0.311,4.74896e-05
0.312,4.77909e-05
0.313,4.8093e-05
0.314,4.83961e-05
0.315,4.87001e-05
0.316,4.90049e-05
0.317,4.93107e-05
0.318,4.96174e-05
0.319,4.99249e-05
0.32,5.02334e-05
0.321,5.05427e-05
0.322,5.0853e-05
0.323,5.11642e-05
0.324,5.14762e-05
0.325,5.17892e-05
0.326,5.2103e-05
0.327,5.24178e-05
0.328,5.27334e-05
0.329,5.305e-05
0.33,5.33674e-05
0.331,5.36857e-05
0.332,5.40049e-05
0.333,5.43251e-05
0.334,5.46461e-05
0.335,5.49679e-05
0.336,5.52907e-05
0.337,5.56144e-05
0.338,5.5939e-05
0.339,5.62644e-05
0.34,5.65907e-05
0.341,5.6918e-05
0.342,5.72461e-05
0.343,5.75751e-05
0.344,5.79049e-05
0.345,5.82357e-05
0.346,5.85673e-05
0.347,5.88999e-05
0.348,5.92333e-05
0.349,5.95676e-05
0.35,5.99027e-05
0.351,6.02388e-05
0.352,6.05757e-05
0.353,6.09135e-05
0.354,6.12522e-05
0.355,6.15918e-05
0.356,6.19322e-05
0.357,6.22735e-05
0.358,6.26157e-05
0.359,6.29588e-05
0.36,6.33027e-05
0.361,6.36475e-05
0.362,6.39932e-05
0.363,6.43398e-05
0.364,6.46872e-05
0.365,6.50355e-05
0.366,6.53847e-05
0.367,6.57347e-05
0.368,6.60856e-05
0.369,6.64374e-05
0.37,6.679e-05
0.371,6.71435e-05
0.372,6.74979e-05
0.373,6.78531e-05
0.374,6.82092e-05
0.375,6.85662e-05
0.376,6.8924e-05
0.377,6.92827e-05
0.378,6.96422e-05
0.379,7.00026e-05
0.38,7.03639e-05
0.381,7.0726e-05
0.382,7.1089e-05
0.383,7.14528e-05
0.384,7.18175e-05
0.385,7.21831e-05
0.386,7.25495e-05
0.387,7.29168e-05
0.388,7.32849e-05
0.389,7.36538e-05
0.39,7.40237e-05
0.391,7.43943e-05
0.392,7.47659e-05
0.393,7.51382e-05
0.394,7.55115e-05
0.395,7.58855e-05
0.396,7.62605e-05
0.397,7.66362e-05
0.398,7.70128e-05
0.399,7.73903e-05
0.4,7.77686e-05
0.401,7.81477e-05
0.402,7.85277e-05
0.403,7.89085e-05
0.404,7.92902e-05
0.405,7.96727e-05
0.406,8.00561e-05
0.407,8.04403e-05
0.408,8.08253e-05
0.409,8.12112e-05
0.41,8.15979e-05
0.411,8.19854e-05
0.412,8.23738e-05
0.413,8.2763e-05
0.414,8.31531e-05
0.415,8.35439e-05
0.416,8.39356e-05
0.417,8.43282e-05
0.418,8.47216e-05
0.419,8.51158e-05
0.42,8.55108e-05
0.421,8.59066e-05
0.422,8.63033e-05
0.423,8.67008e-05
0.424,8.70992e-05
0.425,8.74983e-05
0.426,8.78983e-05
0.427,8.82991e-05
0.428,8.87008e-05
0.429,8.91032e-05
0.43,8.95065e-05
0.431,8.99106e-05
0.432,9.03155e-05
0.433,9.07212e-05
0.434,9.11278e-05
0.435,9.15352e-05
0.436,9.19433e-05
0.437,9.23523e-05
0.438,9.27622e-05
0.439,9.31728e-05
0.44,9.35842e-05
0.441,9.39965e-05
0.442,9.44095e-05
0.443,9.48234e-05
0.444,9.52381e-05
0.445,9.56536e-05
0.446,9.60699e-05
0.447,9.6487e-05
0.448,9.69049e-05
0.449,9.73236e-05
0.45,9.77431e-05
0.451,9.81634e-05
0.452,9.85846e-05
0.453,9.90065e-05
0.454,9.94292e-05
0.455,9.98527e-05
0.456,0.000100277
0.457,0.000100702
0.458,0.000101128
0.459,0.000101555
0.46,0.000101982
0.461,0.000102411
0.462,0.00010284
0.463,0.00010327
0.464,0.0001037
0.465,0.000104132
0.466,0.000104564
0.467,0.000104997
0.468,0.000105431
0.469,0.000105866
0.47,0.000106301
0.471,0.000106737
0.472,0.000107174
0.473,0.000107612
0.474,0.000108051
0.475,0.00010849
0.476,0.00010893
0.477,0.000109371
0.478,0.000109813
0.479,0.000110255
0.48,0.000110698
0.481,0.000111142
0.482,0.000111587
0.483,0.000112033
0.484,0.000112479
0.485,0.000112926
0.486,0.000113374
0.487,0.000113823
0.488,0.000114272
0.489,0.000114722
0.49,0.000115173
0.491,0.000115625
0.492,0.000116077
0.493,0.000116531
0.494,0.000116985
0.495,0.00011744
0.496,0.000117895
0.497,0.000118351
0.498,0.000118809
0.499,0.000119266
0.5,0.000119725
0.501,0.000120184
0.502,0.000120644
0.503,0.000121105
0.504,0.000121567
0.505,0.000122029
0.506,0.000122493
0.507,0.000122956
0.508,0.000123421
0.509,0.000123886
0.51,0.000124353
0.511,0.000124819
0.512,0.000125287
0.513,0.000125756
0.514,0.000126225
0.515,0.000126695
0.516,0.000127165
0.517,0.000127637
0.518,0.000128109
0.519,0.000128582
0.52,0.000129055
0.521,0.000129529
0.522,0.000130005
0.523,0.00013048
0.524,0.000130957
0.525,0.000131434
0.526,0.000131912
0.527,0.000132391
0.528,0.00013287
0.529,0.000133351
0.53,0.000133832
0.531,0.000134313
0.532,0.000134796
0.533,0.000135279
0.534,0.000135763
0.535,0.000136247
0.536,0.000136733
0.537,0.000137219
0.538,0.000137705
0.539,0.000138193
0.54,0.000138681
0.541,0.00013917
0.542,0.00013966
0.543,0.00014015
0.544,0.000140641
0.545,0.000141133
0.546,0.000141625
0.547,0.000142118
0.548,0.000142612
0.549,0.000143107
0.55,0.000143602
0.551,0.000144098
0.552,0.000144595
0.553,0.000145093
0.554,0.000145591
0.555,0.00014609
0.556,0.000146589
0.557,0.00014709
0.558,0.000147591
0.559,0.000148092
0.56,0.000148595
0.561,0.000149098
0.562,0.000149602
0.563,0.000150106
0.564,0.000150611
0.565,0.000151117
0.566,0.000151624
0.567,0.000152131
0.568,0.000152639
0.569,0.000153148
0.57,0.000153657
0.571,0.000154167
0.572,0.000154678
0.573,0.000155189
0.574,0.000155701
0.575,0.000156214
0.576,0.000156727
0.577,0.000157242
0.578,0.000157756
0.579,0.000158272
0.58,0.000158788
0.581,0.000159305
0.582,0.000159823
0.583,0.000160341
0.584,0.00016086
0.585,0.000161379
0.586,0.000161899
0.587,0.00016242
0.588,0.000162942
0.589,0.000163464
0.59,0.000163987
0.591,0.000164511
0.592,0.000165035
0.593,0.00016556
0.594,0.000166086
0.595,0.000166612
0.596,0.000167139
0.597,0.000167666
0.598,0.000168195
0.599,0.000168723
0.6,0.000169253
0.601,0.000169783
0.602,0.000170314
0.603,0.000170846
0.604,0.000171378
0.605,0.000171911
0.606,0.000172444
0.607,0.000172978
0.608,0.000173513
0.609,0.000174048
0.61,0.000174584
0.611,0.000175121
0.612,0.000175659
0.613,0.000176197
0.614,0.000176735
0.615,0.000177274
0.616,0.000177814
0.617,0.000178355
0.618,0.000178896
0.619,0.000179438
0.62,0.00017998
0.621,0.000180524
0.622,0.000181067
0.623,0.000181612
0.624,0.000182157
0.625,0.000182702
0.626,0.000183249
0.627,0.000183796
0.628,0.000184343
0.629,0.000184891
0.63,0.00018544
0.631,0.000185989
0.632,0.000186539
0.633,0.00018709
0.634,0.000187641
0.635,0.000188193
0.636,0.000188746
0.637,0.000189299
0.638,0.000189853
0.639,0.000190407
0.64,0.000190962
0.641,0.000191517
0.642,0.000192074
0.643,0.00019263
0.644,0.000193188
0.645,0.000193746
0.646,0.000194304
0.647,0.000194864
0.648,0.000195423
0.649,0.000195984
0.65,0.000196545
0.651,0.000197107
0.652,0.000197669
0.653,0.000198232
0.654,0.000198795
0.655,0.000199359
0.656,0.000199924
0.657,0.000200489
0.658,0.000201055
0.659,0.000201621
0.66,0.000202188
0.661,0.000202756
0.662,0.000203324
0.663,0.000203892
0.664,0.000204462
0.665,0.000205032
0.666,0.000205602
0.667,0.000206173
0.668,0.000206745
0.669,0.000207317
0.67,0.00020789
0.671,0.000208463
0.672,0.000209037
0.673,0.000209612
0.674,0.000210187
0.675,0.000210763
0.676,0.000211339
0.677,0.000211916
0.678,0.000212493
0.679,0.000213071
0.68,0.00021365
0.681,0.000214229
0.682,0.000214808
0.683,0.000215389
0.684,0.000215969
0.685,0.000216551
0.686,0.000217133
0.687,0.000217715
0.688,0.000218298
0.689,0.000218882
0.69,0.000219466
0.691,0.00022005
0.692,0.000220636
0.693,0.000221221
0.694,0.000221808
0.695,0.000222395
0.696,0.000222982
0.697,0.00022357
0.698,0.000224158
0.699,0.000224747
0.7,0.000225337
0.701,0.000225927
0.702,0.000226518
0.703,0.000227109
0.704,0.000227701
0.705,0.000228293
0.706,0.000228886
0.707,0.000229479
0.708,0.000230073
0.709,0.000230667
0.71,0.000231262
0.711,0.000231858
0.712,0.000232454
0.713,0.00023305
0.714,0.000233647
0.715,0.000234245
0.716,0.000234843
0.717,0.000235442
0.718,0.000236041
0.719,0.00023664
0.72,0.000237241
0.721,0.000237841
0.722,0.000238442
0.723,0.000239044
0.724,0.000239646
0.725,0.000240249
0.726,0.000240852
0.727,0.000241456
0.728,0.00024206
0.729,0.000242665
0.73,0.00024327
0.731,0.000243876
0.732,0.000244482
0.733,0.000245089
0.734,0.000245696
0.735,0.000246304
0.736,0.000246912
0.737,0.000247521
0.738,0.00024813
0.739,0.00024874
0.74,0.00024935
0.741,0.000249961
0.742,0.000250572
0.743,0.000251184
0.744,0.000251796
0.745,0.000252409
0.746,0.000253022
0.747,0.000253636
0.748,0.00025425
0.749,0.000254864
0.75,0.000255479
0.751,0.000256095
0.752,0.000256711
0.753,0.000257327
0.754,0.000257944
0.755,0.000258562
0.756,0.00025918
0.757,0.000259798
0.758,0.000260417
0.759,0.000261036
0.76,0.000261656
0.761,0.000262276
0.762,0.000262897
0.763,0.000263518
0.764,0.00026414
0.765,0.000264762
0.766,0.000265384
0.767,0.000266007
0.768,0.000266631
0.769,0.000267255
0.77,0.000267879
0.771,0.000268504
0.772,0.000269129
0.773,0.000269755
0.774,0.000270381
0.775,0.000271008
0.776,0.000271635
0.777,0.000272262
0.778,0.00027289
0.779,0.000273519
0.78,0.000274147
0.781,0.000274777
0.782,0.000275406
0.783,0.000276036
0.784,0.000276667
0.785,0.000277298
0.786,0.000277929
0.787,0.000278561
0.788,0.000279194
0.789,0.000279826
0.79,0.000280459
0.791,0.000281093
0.792,0.000281727
0.793,0.000282361
0.794,0.000282996
0.795,0.000283631
0.796,0.000284267
0.797,0.000284903
0.798,0.00028554
0.799,0.000286177
0.8,0.000286814
0.801,0.000287452
0.802,0.00028809
0.803,0.000288728
0.804,0.000289367
0.805,0.000290007
0.806,0.000290646
0.807,0.000291286
0.808,0.000291927
0.809,0.000292568
0.81,0.000293209
0.811,0.000293851
0.812,0.000294493
0.813,0.000295136
0.814,0.000295779
0.815,0.000296422
0.816,0.000297066
0.817,0.00029771
0.818,0.000298354
0.819,0.000298999
0.82,0.000299645
0.821,0.00030029
0.822,0.000300936
0.823,0.000301583
0.824,0.000302229
0.825,0.000302877
0.826,0.000303524
0.827,0.000304172
0.828,0.00030482
0.829,0.000305469
0.83,0.000306118
0.831,0.000306768
0.832,0.000307417
0.833,0.000308067
0.834,0.000308718
0.835,0.000309369
0.836,0.00031002
0.837,0.000310672
0.838,0.000311324
0.839,0.000311976
0.84,0.000312629
0.841,0.000313282
0.842,0.000313935
0.843,0.000314589
0.844,0.000315243
0.845,0.000315897
0.846,0.000316552
0.847,0.000317207
0.848,0.000317863
0.849,0.000318519
0.85,0.000319175
0.851,0.000319831
0.852,0.000320488
0.853,0.000321145
0.854,0.000321803
0.855,0.000322461
0.856,0.000323119
0.857,0.000323778
0.858,0.000324436
0.859,0.000325096
0.86,0.000325755
0.861,0.000326415
0.862,0.000327075
0.863,0.000327736
0.864,0.000328396
0.865,0.000329058
0.866,0.000329719
0.867,0.000330381
0.868,0.000331043
0.869,0.000331705
0.87,0.000332368
0.871,0.000333031
0.872,0.000333695
0.873,0.000334358
0.874,0.000335022
0.875,0.000335687
0.876,0.000336351
0.877,0.000337016
0.878,0.000337681
0.879,0.000338347
0.88,0.000339013
0.881,0.000339679
0.882,0.000340345
0.883,0.000341012
0.884,0.000341679
0.885,0.000342346
0.886,0.000343014
0.887,0.000343682
0.888,0.00034435
0.889,0.000345018
0.89,0.000345687
0.891,0.000346356
0.892,0.000347025
0.893,0.000347695
0.894,0.000348365
0.895,0.000349035
0.896,0.000349705
0.897,0.000350376
0.898,0.000351047
0.899,0.000351718
0.9,0.00035239
0.901,0.000353061
0.902,0.000353734
0.903,0.000354406
0.904,0.000355078
0.905,0.000355751
0.906,0.000356424
0.907,0.000357098
0.908,0.000357771
0.909,0.000358445
0.91,0.00035912
0.911,0.000359794
0.912,0.000360469
0.913,0.000361143
0.914,0.000361819
0.915,0.000362494
0.916,0.00036317
0.917,0.000363846
0.918,0.000364522
0.919,0.000365198
0.92,0.000365875
0.921,0.000366552
0.922,0.000367229
0.923,0.000367906
0.924,0.000368584
0.925,0.000369262
0.926,0.00036994
0.927,0.000370618
0.928,0.000371297
0.929,0.000371975
0.93,0.000372654
0.931,0.000373334
0.932,0.000374013
0.933,0.000374693
0.934,0.000375373
0.935,0.000376053
0.936,0.000376733
0.937,0.000377414
0.938,0.000378094
0.939,0.000378775
0.94,0.000379456
0.941,0.000380138
0.942,0.000380819
0.943,0.000381501
0.944,0.000382183
0.945,0.000382866
0.946,0.000383548
0.947,0.000384231
0.948,0.000384913
0.949,0.000385596
0.95,0.00038628
0.951,0.000386963
0.952,0.000387647
0.953,0.000388331
0.954,0.000389015
0.955,0.000389699
0.956,0.000390383
0.957,0.000391068
0.958,0.000391752
0.959,0.000392437
0.96,0.000393123
0.961,0.000393808
0.962,0.000394493
0.963,0.000395179
0.964,0.000395865
0.965,0.000396551
0.966,0.000397237
0.967,0.000397923
0.968,0.00039861
0.969,0.000399297
0.97,0.000399984
0.971,0.000400671
0.972,0.000401358
0.973,0.000402045
0.974,0.000402733
0.975,0.00040342
0.976,0.000404108
0.977,0.000404796
0.978,0.000405484
0.979,0.000406173
0.98,0.000406861
0.981,0.00040755
0.982,0.000408239
0.983,0.000408927
0.984,0.000409617
0.985,0.000410306
0.986,0.000410995
0.987,0.000411685
0.988,0.000412374
0.989,0.000413064
0.99,0.000413754
0.991,0.000414444
0.992,0.000415134
0.993,0.000415824
0.994,0.000416515
0.995,0.000417206
0.996,0.000417896
0.997,0.000418587
0.998,0.000419278
0.999,0.000419969
1,0.00042066
1.001,0.000421352
1.002,0.000422043
1.003,0.000422735
1.004,0.000423426
1.005,0.000424118
1.006,0.00042481
1.007,0.000425502
1.008,0.000426194
1.009,0.000426886
1.01,0.000427579
1.011,0.000428271
1.012,0.000428964
1.013,0.000429656
1.014,0.000430349
1.015,0.000431042
1.016,0.000431735
1.017,0.000432428
1.018,0.000433121
1.019,0.000433814
1.02,0.000434508
1.021,0.000435201
1.022,0.000435895
1.023,0.000436588
1.024,0.000437282
1.025,0.000437976
1.026,0.000438669
1.027,0.000439363
1.028,0.000440057
1.029,0.000440751
1.03,0.000441446
1.031,0.00044214
1.032,0.000442834
1.033,0.000443529
1.034,0.000444223
1.035,0.000444917
1.036,0.000445612
1.037,0.000446307
1.038,0.000447001
1.039,0.000447696
1.04,0.000448391
1.041,0.000449086
1.042,0.000449781
1.043,0.000450476
1.044,0.000451171
1.045,0.000451866
1.046,0.000452561
1.047,0.000453256
1.048,0.000453952
1.049,0.000454647
1.05,0.000455342
1.051,0.000456038
1.052,0.000456733
1.053,0.000457429
1.054,0.000458124
1.055,0.00045882
1.056,0.000459515
1.057,0.000460211
1.058,0.000460906
1.059,0.000461602
1.06,0.000462298
1.061,0.000462994
1.062,0.000463689
1.063,0.000464385
1.064,0.000465081
1.065,0.000465777
1.066,0.000466473
1.067,0.000467169
1.068,0.000467864
1.069,0.00046856
1.07,0.000469256
1.071,0.000469952
1.072,0.000470648
1.073,0.000471344
1.074,0.00047204
1.075,0.000472736
1.076,0.000473432
1.077,0.000474128
1.078,0.000474824
1.079,0.00047552
1.08,0.000476216
1.081,0.000476912
1.082,0.000477608
1.083,0.000478304
1.084,0.000479
1.085,0.000479696
1.086,0.000480391
1.087,0.000481087
1.088,0.000481783
1.089,0.000482479
1.09,0.000483175
1.091,0.000483871
1.092,0.000484567
1.093,0.000485262
1.094,0.000485958
1.095,0.000486654
1.096,0.00048735
1.097,0.000488045
1.098,0.000488741
1.099,0.000489437
1.1,0.000490132
1.101,0.000490828
1.102,0.000491523
1.103,0.000492219
1.104,0.000492914
1.105,0.00049361
1.106,0.000494305
1.107,0.000495
1.108,0.000495696
1.109,0.000496391
1.11,0.000497086
1.111,0.000497781
1.112,0.000498476
1.113,0.000499171
1.114,0.000499866
1.115,0.000500561
1.116,0.000501256
1.117,0.00050195
1.118,0.000502645
1.119,0.00050334
1.12,0.000504034
1.121,0.000504729
1.122,0.000505423
1.123,0.000506118
1.124,0.000506812
1.125,0.000507506
1.126,0.0005082
1.127,0.000508894
1.128,0.000509588
1.129,0.000510282
1.13,0.000510976
1.131,0.00051167
1.132,0.000512364
1.133,0.000513057
1.134,0.000513751
1.135,0.000514444
1.136,0.000515137
1.137,0.000515831
1.138,0.000516524
1.139,0.000517217
1.14,0.00051791
1.141,0.000518603
1.142,0.000519295
1.143,0.000519988
1.144,0.00052068
1.145,0.000521373
1.146,0.000522065
1.147,0.000522757
1.148,0.000523449
1.149,0.000524141
1.15,0.000524833
1.151,0.000525525
1.152,0.000526217
1.153,0.000526908
1.154,0.0005276
1.155,0.000528291
1.156,0.000528982
1.157,0.000529673
1.158,0.000530364
1.159,0.000531055
1.16,0.000531745
1.161,0.000532436
1.162,0.000533126
1.163,0.000533816
1.164,0.000534506
1.165,0.000535196
1.166,0.000535886
1.167,0.000536576
1.168,0.000537266
1.169,0.000537955
1.17,0.000538644
1.171,0.000539333
1.172,0.000540022
1.173,0.000540711
1.174,0.0005414
1.175,0.000542088
1.176,0.000542777
1.177,0.000543465
1.178,0.000544153
1.179,0.000544841
1.18,0.000545528
1.181,0.000546216
1.182,0.000546903
1.183,0.00054759
1.184,0.000548277
1.185,0.000548964
1.186,0.000549651
1.187,0.000550338
1.188,0.000551024
1.189,0.00055171
1.19,0.000552396
1.191,0.000553082
1.192,0.000553768
1.193,0.000554453
1.194,0.000555138
1.195,0.000555823
1.196,0.000556508
1.197,0.000557193
1.198,0.000557877
1.199,0.000558562
1.2,0.000559246
1.201,0.00055993
1.202,0.000560614
1.203,0.000561297
1.204,0.00056198
1.205,0.000562664
1.206,0.000563347
1.207,0.000564029
1.208,0.000564712
1.209,0.000565394
1.21,0.000566076
1.211,0.000566758
1.212,0.00056744
1.213,0.000568121
1.214,0.000568802
1.215,0.000569483
1.216,0.000570164
1.217,0.000570845
1.218,0.000571525
1.219,0.000572205
1.22,0.000572885
1.221,0.000573565
1.222,0.000574244
1.223,0.000574924
1.224,0.000575603
1.225,0.000576281
1.226,0.00057696
1.227,0.000577638
1.228,0.000578316
1.229,0.000578994
1.23,0.000579671
1.231,0.000580349
1.232,0.000581026
1.233,0.000581703
1.234,0.000582379
1.235,0.000583056
1.236,0.000583732
1.237,0.000584407
1.238,0.000585083
1.239,0.000585758
1.24,0.000586433
1.241,0.000587108
1.242,0.000587783
1.243,0.000588457
1.244,0.000589131
1.245,0.000589804
1.246,0.000590478
1.247,0.000591151
1.248,0.000591824
1.249,0.000592497
1.25,0.000593169
1.251,0.000593841
1.252,0.000594513
1.253,0.000595184
1.254,0.000595856
1.255,0.000596527
1.256,0.000597197
1.257,0.000597868
1.258,0.000598538
1.259,0.000599208
1.26,0.000599877
1.261,0.000600546
1.262,0.000601215
1.263,0.000601884
1.264,0.000602552
1.265,0.00060322
1.266,0.000603888
1.267,0.000604555
1.268,0.000605223
1.269,0.000605889
1.27,0.000606556
1.271,0.000607222
1.272,0.000607888
1.273,0.000608554
1.274,0.000609219
1.275,0.000609884
1.276,0.000610548
1.277,0.000611213
1.278,0.000611877
1.279,0.00061254
1.28,0.000613204
1.281,0.000613867
1.282,0.000614529
1.283,0.000615192
1.284,0.000615854
1.285,0.000616515
1.286,0.000617177
1.287,0.000617838
1.288,0.000618499
1.289,0.000619159
1.29,0.000619819
1.291,0.000620479
1.292,0.000621138
1.293,0.000621797
1.294,0.000622456
1.295,0.000623114
1.296,0.000623772
1.297,0.000624429
1.298,0.000625087
1.299,0.000625744
1.3,0.0006264
1.301,0.000627056
1.302,0.000627712
1.303,0.000628368
1.304,0.000629023
1.305,0.000629677
1.306,0.000630332
1.307,0.000630986
1.308,0.000631639
1.309,0.000632293
1.31,0.000632945
1.311,0.000633598
1.312,0.00063425
1.313,0.000634902
1.314,0.000635553
1.315,0.000636204
1.316,0.000636855
1.317,0.000637505
1.318,0.000638155
1.319,0.000638804
1.32,0.000639453
1.321,0.000640102
1.322,0.00064075
1.323,0.000641398
1.324,0.000642046
1.325,0.000642693
1.326,0.00064334
1.327,0.000643986
1.328,0.000644632
1.329,0.000645277
1.33,0.000645922
1.331,0.000646567
1.332,0.000647211
1.333,0.000647855
1.334,0.000648499
1.335,0.000649142
1.336,0.000649784
1.337,0.000650426
1.338,0.000651068
1.339,0.00065171
1.34,0.000652351
1.341,0.000652991
1.342,0.000653631
1.343,0.000654271
1.344,0.00065491
1.345,0.000655549
1.346,0.000656187
1.347,0.000656825
1.348,0.000657463
1.349,0.0006581
1.35,0.000658737
1.351,0.000659373
1.352,0.000660009
1.353,0.000660644
1.354,0.000661279
1.355,0.000661913
1.356,0.000662547
1.357,0.000663181
1.358,0.000663814
1.359,0.000664447
1.36,0.000665079
1.361,0.000665711
1.362,0.000666342
1.363,0.000666973
1.364,0.000667603
1.365,0.000668233
1.366,0.000668862
1.367,0.000669491
1.368,0.00067012
1.369,0.000670748
1.37,0.000671375
1.371,0.000672003
1.372,0.000672629
1.373,0.000673255
1.374,0.000673881
1.375,0.000674506
1.376,0.000675131
1.377,0.000675755
1.378,0.000676379
1.379,0.000677002
1.38,0.000677625
1.381,0.000678247
1.382,0.000678869
1.383,0.000679491
1.384,0.000680111
1.385,0.000680732
1.386,0.000681352
1.387,0.000681971
1.388,0.00068259
1.389,0.000683208
1.39,0.000683826
1.391,0.000684443
1.392,0.00068506
1.393,0.000685677
1.394,0.000686292
1.395,0.000686908
1.396,0.000687522
1.397,0.000688137
1.398,0.000688751
1.399,0.000689364
1.4,0.000689977
1.401,0.000690589
1.402,0.000691201
1.403,0.000691812
1.404,0.000692422
1.405,0.000693033
1.406,0.000693642
1.407,0.000694251
1.408,0.00069486
1.409,0.000695468
1.41,0.000696075
1.411,0.000696682
1.412,0.000697289
1.413,0.000697895
1.414,0.0006985
1.415,0.000699105
1.416,0.000699709
1.417,0.000700313
1.418,0.000700916
1.419,0.000701518
1.42,0.00070212
1.421,0.000702722
1.422,0.000703323
1.423,0.000703923
1.424,0.000704523
1.425,0.000705123
1.426,0.000705721
1.427,0.000706319
1.428,0.000706917
1.429,0.000707514
1.43,0.000708111
1.431,0.000708707
1.432,0.000709302
1.433,0.000709897
1.434,0.000710491
1.435,0.000711085
1.436,0.000711678
1.437,0.00071227
1.438,0.000712862
1.439,0.000713453
1.44,0.000714044
1.441,0.000714634
1.442,0.000715224
1.443,0.000715813
1.444,0.000716401
1.445,0.000716989
1.446,0.000717576
1.447,0.000718163
1.448,0.000718749
1.449,0.000719334
1.45,0.000719919
1.451,0.000720503
1.452,0.000721087
1.453,0.00072167
1.454,0.000722253
1.455,0.000722834
1.456,0.000723416
1.457,0.000723996
1.458,0.000724576
1.459,0.000725156
1.46,0.000725735
1.461,0.000726313
1.462,0.00072689
1.463,0.000727467
1.464,0.000728044
1.465,0.000728619
1.466,0.000729194
1.467,0.000729769
1.468,0.000730343
1.469,0.000730916
1.47,0.000731488
1.471,0.00073206
1.472,0.000732632
1.473,0.000733202
1.474,0.000733773
1.475,0.000734342
1.476,0.000734911
1.477,0.000735479
1.478,0.000736046
1.479,0.000736613
1.48,0.000737179
1.481,0.000737745
1.482,0.00073831
1.483,0.000738874
1.484,0.000739438
1.485,0.000740001
1.486,0.000740563
1.487,0.000741125
1.488,0.000741686
1.489,0.000742246
1.49,0.000742806
1.491,0.000743365
1.492,0.000743923
1.493,0.000744481
1.494,0.000745038
1.495,0.000745594
1.496,0.00074615
1.497,0.000746705
1.498,0.000747259
1.499,0.000747813
1.5,0.000748366
1.501,0.000748918
1.502,0.00074947
1.503,0.000750021
1.504,0.000750571
1.505,0.000751121
1.506,0.00075167
1.507,0.000752218
1.508,0.000752766
1.509,0.000753313
1.51,0.000753859
1.511,0.000754404
1.512,0.000754949
1.513,0.000755493
1.514,0.000756036
1.515,0.000756579
1.516,0.000757121
1.517,0.000757662
1.518,0.000758203
1.519,0.000758743
1.52,0.000759282
1.521,0.000759821
1.522,0.000760358
1.523,0.000760895
1.524,0.000761432
1.525,0.000761967
1.526,0.000762502
1.527,0.000763036
1.528,0.00076357
1.529,0.000764103
1.53,0.000764635
1.531,0.000765166
1.532,0.000765697
1.533,0.000766226
1.534,0.000766756
1.535,0.000767284
1.536,0.000767812
1.537,0.000768339
1.538,0.000768865
1.539,0.00076939
1.54,0.000769915
1.541,0.000770439
1.542,0.000770962
1.543,0.000771485
1.544,0.000772007
1.545,0.000772528
1.546,0.000773048
1.547,0.000773567
1.548,0.000774086
1.549,0.000774604
1.55,0.000775122
1.551,0.000775638
1.552,0.000776154
1.553,0.000776669
1.554,0.000777183
1.555,0.000777697
1.556,0.000778209
1.557,0.000778721
1.558,0.000779233
1.559,0.000779743
1.56,0.000780253
1.561,0.000780762
1.562,0.00078127
1.563,0.000781777
1.564,0.000782284
1.565,0.00078279
1.566,0.000783295
1.567,0.000783799
1.568,0.000784302
1.569,0.000784805
1.57,0.000785307
1.571,0.000785808
1.572,0.000786309
1.573,0.000786808
1.574,0.000787307
1.575,0.000787805
1.576,0.000788302
1.577,0.000788799
1.578,0.000789294
1.579,0.000789789
1.58,0.000790283
1.581,0.000790776
1.582,0.000791269
1.583,0.00079176
1.584,0.000792251
1.585,0.000792741
1.586,0.00079323
1.587,0.000793719
1.588,0.000794206
1.589,0.000794693
1.59,0.000795179
1.591,0.000795664
1.592,0.000796149
1.593,0.000796632
1.594,0.000797115
1.595,0.000797597
1.596,0.000798078
1.597,0.000798558
1.598,0.000799038
1.599,0.000799516
1.6,0.000799994
1.601,0.000800471
1.602,0.000800947
1.603,0.000801422
1.604,0.000801897
1.605,0.00080237
1.606,0.000802843
1.607,0.000803315
1.608,0.000803786
1.609,0.000804257
1.61,0.000804726
1.611,0.000805195
1.612,0.000805662
1.613,0.000806129
1.614,0.000806595
1.615,0.00080706
1.616,0.000807525
1.617,0.000807988
1.618,0.000808451
1.619,0.000808913
1.62,0.000809374
1.621,0.000809834
1.622,0.000810293
1.623,0.000810751
1.624,0.000811209
1.625,0.000811665
1.626,0.000812121
1.627,0.000812576
1.628,0.00081303
1.629,0.000813483
1.63,0.000813935
1.631,0.000814387
1.632,0.000814837
1.633,0.000815287
1.634,0.000815736
1.635,0.000816184
1.636,0.000816631
1.637,0.000817077
1.638,0.000817522
1.639,0.000817967
1.64,0.00081841
1.641,0.000818853
1.642,0.000819294
1.643,0.000819735
1.644,0.000820175
1.645,0.000820614
1.646,0.000821052
1.647,0.00082149
1.648,0.000821926
1.649,0.000822362
1.65,0.000822796
1.651,0.00082323
1.652,0.000823663
1.653,0.000824094
1.654,0.000824525
1.655,0.000824955
1.656,0.000825385
1.657,0.000825813
1.658,0.00082624
1.659,0.000826667
1.66,0.000827092
1.661,0.000827517
1.662,0.00082794
1.663,0.000828363
1.664,0.000828785
1.665,0.000829206
1.666,0.000829626
1.667,0.000830045
1.668,0.000830463
1.669,0.00083088
1.67,0.000831296
1.671,0.000831712
1.672,0.000832126
1.673,0.00083254
1.674,0.000832952
1.675,0.000833364
1.676,0.000833774
1.677,0.000834184
1.678,0.000834593
1.679,0.000835001
1.68,0.000835408
1.681,0.000835814
1.682,0.000836219
1.683,0.000836623
1.684,0.000837026
1.685,0.000837428
1.686,0.000837829
1.687,0.00083823
1.688,0.000838629
1.689,0.000839027
1.69,0.000839425
1.691,0.000839821
1.692,0.000840217
1.693,0.000840611
1.694,0.000841005
1.695,0.000841397
1.696,0.000841789
1.697,0.00084218
1.698,0.00084257
1.699,0.000842958
1.7,0.000843346
1.701,0.000843733
1.702,0.000844119
1.703,0.000844504
1.704,0.000844887
1.705,0.00084527
1.706,0.000845652
1.707,0.000846033
1.708,0.000846413
1.709,0.000846792
1.71,0.00084717
1.711,0.000847547
1.712,0.000847923
1.713,0.000848298
1.714,0.000848672
1.715,0.000849045
1.716,0.000849418
1.717,0.000849789
1.718,0.000850159
1.719,0.000850528
1.72,0.000850896
1.721,0.000851263
1.722,0.000851629
1.723,0.000851994
1.724,0.000852358
1.725,0.000852721
1.726,0.000853083
1.727,0.000853444
1.728,0.000853805
1.729,0.000854164
1.73,0.000854522
1.731,0.000854879
1.732,0.000855235
1.733,0.00085559
1.734,0.000855944
1.735,0.000856297
1.736,0.000856649
1.737,0.000857
1.738,0.000857349
1.739,0.000857698
1.74,0.000858046
1.741,0.000858393
1.742,0.000858739
1.743,0.000859084
1.744,0.000859427
1.745,0.00085977
1.746,0.000860112
1.747,0.000860452
1.748,0.000860792
1.749,0.000861131
1.75,0.000861468
1.751,0.000861805
1.752,0.00086214
1.753,0.000862475
1.754,0.000862808
1.755,0.00086314
1.756,0.000863472
1.757,0.000863802
1.758,0.000864131
1.759,0.000864459
1.76,0.000864786
1.761,0.000865112
1.762,0.000865437
1.763,0.000865761
1.764,0.000866084
1.765,0.000866406
1.766,0.000866727
1.767,0.000867046
1.768,0.000867365
1.769,0.000867683
1.77,0.000867999
1.771,0.000868315
1.772,0.000868629
1.773,0.000868942
1.774,0.000869254
1.775,0.000869566
1.776,0.000869876
1.777,0.000870185
1.778,0.000870493
1.779,0.0008708
1.78,0.000871105
1.781,0.00087141
1.782,0.000871714
1.783,0.000872016
1.784,0.000872318
1.785,0.000872618
1.786,0.000872918
1.787,0.000873216
1.788,0.000873513
1.789,0.000873809
1.79,0.000874104
1.791,0.000874398
1.792,0.000874691
1.793,0.000874982
1.794,0.000875273
1.795,0.000875562
1.796,0.000875851
1.797,0.000876138
1.798,0.000876424
1.799,0.000876709
1.8,0.000876993
1.801,0.000877276
1.802,0.000877558
1.803,0.000877839
1.804,0.000878118
1.805,0.000878397
1.806,0.000878674
1.807,0.00087895
1.808,0.000879226
1.809,0.0008795
1.81,0.000879773
1.811,0.000880044
1.812,0.000880315
1.813,0.000880585
1.814,0.000880853
1.815,0.00088112
1.816,0.000881386
1.817,0.000881652
1.818,0.000881915
1.819,0.000882178
1.82,0.00088244
1.821,0.000882701
1.822,0.00088296
1.823,0.000883218
1.824,0.000883475
1.825,0.000883732
1.826,0.000883986
1.827,0.00088424
1.828,0.000884493
1.829,0.000884744
1.83,0.000884995
1.831,0.000885244
1.832,0.000885492
1.833,0.000885739
1.834,0.000885985
1.835,0.000886229
1.836,0.000886473
1.837,0.000886715
1.838,0.000886956
1.839,0.000887196
1.84,0.000887435
1.841,0.000887673
1.842,0.00088791
1.843,0.000888145
1.844,0.000888379
1.845,0.000888612
1.846,0.000888844
1.847,0.000889075
1.848,0.000889305
1.849,0.000889533
1.85,0.000889761
1.851,0.000889987
1.852,0.000890212
1.853,0.000890436
1.854,0.000890658
1.855,0.00089088
1.856,0.0008911
1.857,0.000891319
1.858,0.000891537
1.859,0.000891754
1.86,0.000891969
1.861,0.000892184
1.862,0.000892397
1.863,0.000892609
1.864,0.00089282
1.865,0.00089303
1.866,0.000893238
1.867,0.000893446
1.868,0.000893652
1.869,0.000893857
1.87,0.000894061
1.871,0.000894263
1.872,0.000894465
1.873,0.000894665
1.874,0.000894864
1.875,0.000895062
1.876,0.000895258
1.877,0.000895454
1.878,0.000895648
1.879,0.000895841
1.88,0.000896033
1.881,0.000896224
1.882,0.000896413
1.883,0.000896601
1.884,0.000896788
1.885,0.000896974
1.886,0.000897159
1.887,0.000897342
1.888,0.000897525
1.889,0.000897706
1.89,0.000897885
1.891,0.000898064
1.892,0.000898241
1.893,0.000898418
1.894,0.000898593
1.895,0.000898766
1.896,0.000898939
1.897,0.00089911
1.898,0.00089928
1.899,0.000899449
1.9,0.000899617
1.901,0.000899783
1.902,0.000899948
1.903,0.000900112
1.904,0.000900275
1.905,0.000900437
1.906,0.000900597
1.907,0.000900756
1.908,0.000900914
1.909,0.00090107
1.91,0.000901226
1.911,0.00090138
1.912,0.000901533
1.913,0.000901685
1.914,0.000901835
1.915,0.000901984
1.916,0.000902132
1.917,0.000902279
1.918,0.000902424
1.919,0.000902569
1.92,0.000902712
1.921,0.000902853
1.922,0.000902994
1.923,0.000903133
1.924,0.000903271
1.925,0.000903408
1.926,0.000903543
1.927,0.000903678
1.928,0.000903811
1.929,0.000903942
1.93,0.000904073
1.931,0.000904202
1.932,0.00090433
1.933,0.000904457
1.934,0.000904582
1.935,0.000904706
1.936,0.000904829
1.937,0.000904951
1.938,0.000905072
1.939,0.000905191
1.94,0.000905309
1.941,0.000905425
1.942,0.000905541
1.943,0.000905655
1.944,0.000905768
1.945,0.000905879
1.946,0.000905989
1.947,0.000906098
1.948,0.000906206
1.949,0.000906313
1.95,0.000906418
1.951,0.000906522
1.952,0.000906624
1.953,0.000906726
1.954,0.000906826
1.955,0.000906925
1.956,0.000907022
1.957,0.000907118
1.958,0.000907213
1.959,0.000907307
1.96,0.000907399
1.961,0.000907491
1.962,0.00090758
1.963,0.000907669
1.964,0.000907756
1.965,0.000907842
1.966,0.000907927
1.967,0.00090801
1.968,0.000908092
1.969,0.000908173
1.97,0.000908252
1.971,0.000908331
1.972,0.000908407
1.973,0.000908483
1.974,0.000908557
1.975,0.00090863
1.976,0.000908702
1.977,0.000908772
1.978,0.000908841
1.979,0.000908909
1.98,0.000908976
1.981,0.000909041
1.982,0.000909105
1.983,0.000909167
1.984,0.000909229
1.985,0.000909288
1.986,0.000909347
1.987,0.000909404
1.988,0.00090946
1.989,0.000909515
1.99,0.000909568
1.991,0.00090962
1.992,0.000909671
1.993,0.000909721
1.994,0.000909769
1.995,0.000909815
1.996,0.000909861
1.997,0.000909905
1.998,0.000909948
1.999,0.000909989
2,0.000910029
2.001,0.000910068
2.002,0.000910106
2.003,0.000910142
2.004,0.000910177
2.005,0.00091021
2.006,0.000910243
2.007,0.000910273
2.008,0.000910303
2.009,0.000910331
2.01,0.000910358
2.011,0.000910384
2.012,0.000910408
2.013,0.000910431
2.014,0.000910452
2.015,0.000910472
2.016,0.000910491
2.017,0.000910509
2.018,0.000910525
2.019,0.000910539
2.02,0.000910553
2.021,0.000910565
2.022,0.000910576
2.023,0.000910585
2.024,0.000910593
2.025,0.0009106
2.026,0.000910605
2.027,0.00091061
2.028,0.000910612
2.029,0.000910614
2.03,0.000910614
2.031,0.000910612
2.032,0.000910609
2.033,0.000910605
2.034,0.0009106
2.035,0.000910593
2.036,0.000910585
2.037,0.000910575
2.038,0.000910565
2.039,0.000910552
2.04,0.000910539
2.041,0.000910524
2.042,0.000910507
2.043,0.00091049
2.044,0.000910471
2.045,0.00091045
2.046,0.000910428
2.047,0.000910405
2.048,0.000910381
2.049,0.000910355
2.05,0.000910328
2.051,0.000910299
2.052,0.000910269
2.053,0.000910238
2.054,0.000910205
2.055,0.000910171
2.056,0.000910135
2.057,0.000910098
2.058,0.00091006
2.059,0.000910021
2.06,0.00090998
2.061,0.000909937
2.062,0.000909893
2.063,0.000909848
2.064,0.000909802
2.065,0.000909754
2.066,0.000909704
2.067,0.000909654
2.068,0.000909602
2.069,0.000909548
2.07,0.000909493
2.071,0.000909437
2.072,0.00090938
2.073,0.000909321
2.074,0.00090926
2.075,0.000909198
2.076,0.000909135
2.077,0.000909071
2.078,0.000909005
2.079,0.000908937
2.08,0.000908869
2.081,0.000908798
2.082,0.000908727
2.083,0.000908654
2.084,0.00090858
2.085,0.000908504
2.086,0.000908427
2.087,0.000908348
2.088,0.000908268
2.089,0.000908187
2.09,0.000908104
2.091,0.00090802
2.092,0.000907934
2.093,0.000907847
2.094,0.000907759
2.095,0.000907669
2.096,0.000907578
2.097,0.000907485
2.098,0.000907391
2.099,0.000907296
2.1,0.000907199
2.101,0.000907101
2.102,0.000907001
2.103,0.0009069
2.104,0.000906798
2.105,0.000906694
2.106,0.000906589
2.107,0.000906482
2.108,0.000906374
2.109,0.000906264
2.11,0.000906153
2.111,0.000906041
2.112,0.000905927
2.113,0.000905812
2.114,0.000905695
2.115,0.000905577
2.116,0.000905457
2.117,0.000905336
2.118,0.000905214
2.119,0.00090509
2.12,0.000904965
2.121,0.000904838
2.122,0.00090471
2.123,0.000904581
2.124,0.00090445
2.125,0.000904318
2.126,0.000904184
2.127,0.000904049
2.128,0.000903912
2.129,0.000903774
2.13,0.000903634
2.131,0.000903493
2.132,0.000903351
2.133,0.000903207
2.134,0.000903062
2.135,0.000902915
2.136,0.000902767
2.137,0.000902618
2.138,0.000902467
2.139,0.000902314
2.14,0.00090216
2.141,0.000902005
2.142,0.000901848
2.143,0.00090169
2.144,0.00090153
2.145,0.000901369
2.146,0.000901207
2.147,0.000901043
2.148,0.000900877
2.149,0.000900711
2.15,0.000900542
2.151,0.000900372
2.152,0.000900201
2.153,0.000900029
2.154,0.000899854
2.155,0.000899679
2.156,0.000899502
2.157,0.000899323
2.158,0.000899143
2.159,0.000898962
2.16,0.000898779
2.161,0.000898595
2.162,0.000898409
2.163,0.000898222
2.164,0.000898033
2.165,0.000897843
2.166,0.000897652
2.167,0.000897459
2.168,0.000897264
2.169,0.000897068
2.17,0.000896871
2.171,0.000896672
2.172,0.000896472
2.173,0.00089627
2.174,0.000896067
2.175,0.000895862
2.176,0.000895656
2.177,0.000895448
2.178,0.000895239
2.179,0.000895029
2.18,0.000894816
2.181,0.000894603
2.182,0.000894388
2.183,0.000894172
2.184,0.000893954
2.185,0.000893734
2.186,0.000893513
2.187,0.000893291
2.188,0.000893067
2.189,0.000892842
2.19,0.000892615
2.191,0.000892387
2.192,0.000892157
2.193,0.000891926
2.194,0.000891694
2.195,0.00089146
2.196,0.000891224
2.197,0.000890987
2.198,0.000890748
2.199,0.000890508
2.2,0.000890267
2.201,0.000890024
2.202,0.00088978
2.203,0.000889534
2.204,0.000889286
2.205,0.000889037
2.206,0.000888787
2.207,0.000888535
2.208,0.000888282
2.209,0.000888027
2.21,0.000887771
2.211,0.000887513
2.212,0.000887254
2.213,0.000886993
2.214,0.000886731
2.215,0.000886467
2.216,0.000886202
2.217,0.000885935
2.218,0.000885667
2.219,0.000885397
2.22,0.000885126
2.221,0.000884853
2.222,0.000884579
2.223,0.000884304
2.224,0.000884026
2.225,0.000883748
2.226,0.000883468
2.227,0.000883186
2.228,0.000882903
2.229,0.000882618
2.23,0.000882332
2.231,0.000882045
2.232,0.000881756
2.233,0.000881465
2.234,0.000881173
2.235,0.00088088
2.236,0.000880584
2.237,0.000880288
2.238,0.00087999
2.239,0.00087969
2.24,0.000879389
2.241,0.000879087
2.242,0.000878783
2.243,0.000878477
2.244,0.00087817
2.245,0.000877861
2.246,0.000877551
2.247,0.00087724
2.248,0.000876927
2.249,0.000876612
2.25,0.000876296
2.251,0.000875979
2.252,0.000875659
2.253,0.000875339
2.254,0.000875017
2.255,0.000874693
2.256,0.000874368
2.257,0.000874041
2.258,0.000873713
2.259,0.000873384
2.26,0.000873053
2.261,0.00087272
2.262,0.000872386
2.263,0.00087205
2.264,0.000871713
2.265,0.000871374
2.266,0.000871034
2.267,0.000870692
2.268,0.000870349
2.269,0.000870004
2.27,0.000869658
2.271,0.00086931
2.272,0.000868961
2.273,0.00086861
2.274,0.000868258
2.275,0.000867904
2.276,0.000867549
2.277,0.000867192
2.278,0.000866834
2.279,0.000866474
2.28,0.000866112
2.281,0.000865749
2.282,0.000865385
2.283,0.000865019
2.284,0.000864652
2.285,0.000864283
2.286,0.000863912
2.287,0.00086354
2.288,0.000863167
2.289,0.000862791
2.29,0.000862415
2.291,0.000862037
2.292,0.000861657
2.293,0.000861276
2.294,0.000860893
2.295,0.000860509
2.296,0.000860123
2.297,0.000859736
2.298,0.000859347
2.299,0.000858957
2.3,0.000858565
2.301,0.000858172
2.302,0.000857777
2.303,0.000857381
2.304,0.000856983
2.305,0.000856583
2.306,0.000856182
2.307,0.00085578
2.308,0.000855376
2.309,0.00085497
2.31,0.000854563
2.311,0.000854155
2.312,0.000853744
2.313,0.000853333
2.314,0.00085292
2.315,0.000852505
2.316,0.000852089
2.317,0.000851671
2.318,0.000851251
2.319,0.000850831
2.32,0.000850408
2.321,0.000849984
2.322,0.000849559
2.323,0.000849132
2.324,0.000848703
2.325,0.000848273
2.326,0.000847842
2.327,0.000847409
2.328,0.000846974
2.329,0.000846538
2.33,0.0008461
2.331,0.000845661
2.332,0.00084522
2.333,0.000844778
2.334,0.000844334
2.335,0.000843888
2.336,0.000843442
2.337,0.000842993
2.338,0.000842543
2.339,0.000842092
2.34,0.000841639
2.341,0.000841184
2.342,0.000840728
2.343,0.00084027
2.344,0.000839811
2.345,0.00083935
2.346,0.000838888
2.347,0.000838424
2.348,0.000837959
2.349,0.000837492
2.35,0.000837023
2.351,0.000836553
2.352,0.000836082
2.353,0.000835609
2.354,0.000835134
2.355,0.000834658
2.356,0.00083418
2.357,0.000833701
2.358,0.00083322
2.359,0.000832738
2.36,0.000832254
2.361,0.000831769
2.362,0.000831282
2.363,0.000830793
2.364,0.000830303
2.365,0.000829811
2.366,0.000829318
2.367,0.000828824
2.368,0.000828327
2.369,0.00082783
2.37,0.00082733
2.371,0.00082683
2.372,0.000826327
2.373,0.000825823
2.374,0.000825318
2.375,0.000824811
2.376,0.000824302
2.377,0.000823792
2.378,0.00082328
2.379,0.000822767
2.38,0.000822252
2.381,0.000821736
2.382,0.000821218
2.383,0.000820699
2.384,0.000820178
2.385,0.000819656
2.386,0.000819131
2.387,0.000818606
2.388,0.000818079
2.389,0.00081755
2.39,0.00081702
2.391,0.000816488
2.392,0.000815955
2.393,0.00081542
2.394,0.000814884
2.395,0.000814346
2.396,0.000813806
2.397,0.000813265
2.398,0.000812722
2.399,0.000812178
2.4,0.000811633
2.401,0.000811085
2.402,0.000810537
2.403,0.000809986
2.404,0.000809434
2.405,0.000808881
2.406,0.000808326
2.407,0.000807769
2.408,0.000807211
2.409,0.000806651
2.41,0.00080609
2.411,0.000805528
2.412,0.000804963
2.413,0.000804397
2.414,0.00080383
2.415,0.000803261
2.416,0.000802691
2.417,0.000802118
2.418,0.000801545
2.419,0.00080097
2.42,0.000800393
2.421,0.000799815
2.422,0.000799235
2.423,0.000798654
2.424,0.000798071
2.425,0.000797486
2.426,0.0007969
2.427,0.000796313
2.428,0.000795723
2.429,0.000795133
2.43,0.000794541
2.431,0.000793947
2.432,0.000793351
2.433,0.000792755
2.434,0.000792156
2.435,0.000791556
2.436,0.000790955
2.437,0.000790351
2.438,0.000789747
2.439,0.000789141
2.44,0.000788533
2.441,0.000787924
2.442,0.000787313
2.443,0.0007867
2.444,0.000786086
2.445,0.000785471
2.446,0.000784854
2.447,0.000784235
2.448,0.000783615
2.449,0.000782993
2.45,0.00078237
2.451,0.000781745
2.452,0.000781119
2.453,0.000780491
2.454,0.000779861
2.455,0.00077923
2.456,0.000778598
2.457,0.000777963
2.458,0.000777328
2.459,0.00077669
2.46,0.000776052
2.461,0.000775411
2.462,0.000774769
2.463,0.000774126
2.464,0.000773481
2.465,0.000772834
2.466,0.000772186
2.467,0.000771536
2.468,0.000770885
2.469,0.000770232
2.47,0.000769578
2.471,0.000768922
2.472,0.000768265
2.473,0.000767606
2.474,0.000766945
2.475,0.000766283
2.476,0.000765619
2.477,0.000764954
2.478,0.000764287
2.479,0.000763619
2.48,0.000762949
2.481,0.000762278
2.482,0.000761605
2.483,0.00076093
2.484,0.000760254
2.485,0.000759577
2.486,0.000758897
2.487,0.000758217
2.488,0.000757534
2.489,0.000756851
2.49,0.000756165
2.491,0.000755478
2.492,0.00075479
2.493,0.0007541
2.494,0.000753408
2.495,0.000752715
2.496,0.00075202
2.497,0.000751324
2.498,0.000750626
2.499,0.000749927
2.5,0.000749226
2.501,0.000748524
2.502,0.00074782
2.503,0.000747114
2.504,0.000746407
2.505,0.000745698
2.506,0.000744988
2.507,0.000744276
2.508,0.000743563
2.509,0.000742848
2.51,0.000742132
2.511,0.000741414
2.512,0.000740694
2.513,0.000739973
2.514,0.000739251
2.515,0.000738526
2.516,0.000737801
2.517,0.000737073
2.518,0.000736345
2.519,0.000735614
2.52,0.000734882
2.521,0.000734149
2.522,0.000733414
2.523,0.000732677
2.524,0.000731939
2.525,0.0007312
2.526,0.000730459
2.527,0.000729716
2.528,0.000728972
2.529,0.000728226
2.53,0.000727478
2.531,0.000726729
2.532,0.000725979
2.533,0.000725227
2.534,0.000724473
2.535,0.000723718
2.536,0.000722962
2.537,0.000722203
2.538,0.000721444
2.539,0.000720682
2.54,0.00071992
2.541,0.000719155
2.542,0.000718389
2.543,0.000717622
2.544,0.000716853
2.545,0.000716082
2.546,0.00071531
2.547,0.000714536
2.548,0.000713761
2.549,0.000712985
2.55,0.000712206
2.551,0.000711426
2.552,0.000710645
2.553,0.000709862
2.554,0.000709078
2.555,0.000708292
2.556,0.000707504
2.557,0.000706715
2.558,0.000705925
2.559,0.000705132
2.56,0.000704339
2.561,0.000703544
2.562,0.000702747
2.563,0.000701948
2.564,0.000701149
2.565,0.000700347
2.566,0.000699544
2.567,0.00069874
2.568,0.000697934
2.569,0.000697126
2.57,0.000696317
2.571,0.000695507
2.572,0.000694694
2.573,0.000693881
2.574,0.000693065
2.575,0.000692249
2.576,0.00069143
2.577,0.000690611
2.578,0.000689789
2.579,0.000688966
2.58,0.000688142
2.581,0.000687316
2.582,0.000686488
2.583,0.000685659
2.584,0.000684829
2.585,0.000683997
2.586,0.000683163
2.587,0.000682328
2.588,0.000681491
2.589,0.000680653
2.59,0.000679813
2.591,0.000678972
2.592,0.000678129
2.593,0.000677284
2.594,0.000676438
2.595,0.000675591
2.596,0.000674742
2.597,0.000673892
2.598,0.000673039
2.599,0.000672186
2.6,0.000671331
2.601,0.000670474
2.602,0.000669616
2.603,0.000668756
2.604,0.000667895
2.605,0.000667032
2.606,0.000666168
2.607,0.000665302
2.608,0.000664435
2.609,0.000663566
2.61,0.000662696
2.611,0.000661824
2.612,0.000660951
2.613,0.000660076
2.614,0.000659199
2.615,0.000658321
2.616,0.000657442
2.617,0.000656561
2.618,0.000655678
2.619,0.000654794
2.62,0.000653908
2.621,0.000653021
2.622,0.000652133
2.623,0.000651242
2.624,0.000650351
2.625,0.000649457
2.626,0.000648563
2.627,0.000647667
2.628,0.000646769
2.629,0.000645869
2.63,0.000644969
2.631,0.000644066
2.632,0.000643163
2.633,0.000642257
2.634,0.00064135
2.635,0.000640442
2.636,0.000639532
2.637,0.000638621
2.638,0.000637708
2.639,0.000636793
2.64,0.000635877
2.641,0.00063496
2.642,0.000634041
2.643,0.00063312
2.644,0.000632198
2.645,0.000631275
2.646,0.00063035
2.647,0.000629423
2.648,0.000628495
2.649,0.000627566
2.65,0.000626634
2.651,0.000625702
2.652,0.000624768
2.653,0.000623832
2.654,0.000622895
2.655,0.000621956
2.656,0.000621016
2.657,0.000620075
2.658,0.000619132
2.659,0.000618187
2.66,0.000617241
2.661,0.000616293
2.662,0.000615344
2.663,0.000614393
2.664,0.000613441
2.665,0.000612488
2.666,0.000611532
2.667,0.000610576
2.668,0.000609618
2.669,0.000608658
2.67,0.000607697
2.671,0.000606734
2.672,0.00060577
2.673,0.000604804
2.674,0.000603837
2.675,0.000602868
2.676,0.000601898
2.677,0.000600927
2.678,0.000599953
2.679,0.000598979
2.68,0.000598003
2.681,0.000597025
2.682,0.000596046
2.683,0.000595065
2.684,0.000594083
2.685,0.0005931
2.686,0.000592115
2.687,0.000591128
2.688,0.00059014
2.689,0.00058915
2.69,0.000588159
2.691,0.000587167
2.692,0.000586173
2.693,0.000585177
2.694,0.00058418
2.695,0.000583182
2.696,0.000582182
2.697,0.00058118
2.698,0.000580177
2.699,0.000579173
2.7,0.000578167
2.701,0.00057716
2.702,0.000576151
2.703,0.00057514
2.704,0.000574128
2.705,0.000573115
2.706,0.0005721
2.707,0.000571084
2.708,0.000570066
2.709,0.000569047
2.71,0.000568026
2.711,0.000567004
2.712,0.00056598
2.713,0.000564955
2.714,0.000563929
2.715,0.000562901
2.716,0.000561871
2.717,0.00056084
2.718,0.000559807
2.719,0.000558773
2.72,0.000557738
2.721,0.000556701
2.722,0.000555663
2.723,0.000554623
2.724,0.000553581
2.725,0.000552539
2.726,0.000551494
2.727,0.000550449
2.728,0.000549401
2.729,0.000548353
2.73,0.000547303
2.731,0.000546251
2.732,0.000545198
2.733,0.000544143
2.734,0.000543087
2.735,0.00054203
2.736,0.000540971
2.737,0.000539911
2.738,0.000538849
2.739,0.000537785
2.74,0.000536721
2.741,0.000535654
2.742,0.000534587
2.743,0.000533518
2.744,0.000532447
2.745,0.000531375
2.746,0.000530302
2.747,0.000529227
2.748,0.00052815
2.749,0.000527072
2.75,0.000525993
2.751,0.000524912
2.752,0.00052383
2.753,0.000522746
2.754,0.000521661
2.755,0.000520575
2.756,0.000519487
2.757,0.000518397
2.758,0.000517306
2.759,0.000516214
2.76,0.00051512
2.761,0.000514025
2.762,0.000512928
2.763,0.00051183
2.764,0.000510731
2.765,0.00050963
2.766,0.000508527
2.767,0.000507423
2.768,0.000506318
2.769,0.000505211
2.77,0.000504103
2.771,0.000502993
2.772,0.000501882
2.773,0.00050077
2.774,0.000499656
2.775,0.00049854
2.776,0.000497424
2.777,0.000496305
2.778,0.000495186
2.779,0.000494065
2.78,0.000492942
2.781,0.000491818
2.782,0.000490693
2.783,0.000489566
2.784,0.000488438
2.785,0.000487308
2.786,0.000486177
2.787,0.000485044
2.788,0.00048391
2.789,0.000482775
2.79,0.000481638
2.791,0.0004805
2.792,0.00047936
2.793,0.000478219
2.794,0.000477077
2.795,0.000475933
2.796,0.000474788
2.797,0.000473641
2.798,0.000472493
2.799,0.000471343
2.8,0.000470192
2.801,0.00046904
2.802,0.000467886
2.803,0.000466731
2.804,0.000465574
2.805,0.000464416
2.806,0.000463257
2.807,0.000462096
2.808,0.000460934
2.809,0.00045977
2.81,0.000458605
2.811,0.000457438
2.812,0.000456271
2.813,0.000455101
2.814,0.000453931
2.815,0.000452759
2.816,0.000451585
2.817,0.00045041
2.818,0.000449234
2.819,0.000448056
2.82,0.000446877
2.821,0.000445697
2.822,0.000444515
2.823,0.000443331
2.824,0.000442147
2.825,0.000440961
2.826,0.000439773
2.827,0.000438584
2.828,0.000437394
2.829,0.000436203
2.83,0.00043501
2.831,0.000433815
2.832,0.000432619
2.833,0.000431422
2.834,0.000430224
2.835,0.000429024
2.836,0.000427822
2.837,0.00042662
2.838,0.000425416
2.839,0.00042421
2.84,0.000423003
2.841,0.000421795
2.842,0.000420586
2.843,0.000419375
2.844,0.000418162
2.845,0.000416948
2.846,0.000415733
2.847,0.000414517
2.848,0.000413299
2.849,0.00041208
2.85,0.000410859
2.851,0.000409637
2.852,0.000408414
2.853,0.000407189
2.854,0.000405963
2.855,0.000404736
2.856,0.000403507
2.857,0.000402277
2.858,0.000401045
2.859,0.000399812
2.86,0.000398578
2.861,0.000397342
2.862,0.000396105
2.863,0.000394867
2.864,0.000393627
2.865,0.000392386
2.866,0.000391144
2.867,0.0003899
2.868,0.000388655
2.869,0.000387409
2.87,0.000386161
2.871,0.000384912
2.872,0.000383661
2.873,0.000382409
2.874,0.000381156
2.875,0.000379902
2.876,0.000378646
2.877,0.000377388
2.878,0.00037613
2.879,0.00037487
2.88,0.000373609
2.881,0.000372346
2.882,0.000371082
2.883,0.000369817
2.884,0.00036855
2.885,0.000367282
2.886,0.000366013
2.887,0.000364742
2.888,0.00036347
2.889,0.000362197
2.89,0.000360922
2.891,0.000359646
2.892,0.000358369
2.893,0.00035709
2.894,0.00035581
2.895,0.000354529
2.896,0.000353247
2.897,0.000351963
2.898,0.000350677
2.899,0.000349391
2.9,0.000348103
2.901,0.000346814
2.902,0.000345523
2.903,0.000344231
2.904,0.000342938
2.905,0.000341644
2.906,0.000340348
2.907,0.000339051
2.908,0.000337752
2.909,0.000336453
2.91,0.000335152
2.911,0.000333849
2.912,0.000332546
2.913,0.000331241
2.914,0.000329934
2.915,0.000328627
2.916,0.000327318
2.917,0.000326008
2.918,0.000324696
2.919,0.000323383
2.92,0.000322069
2.921,0.000320754
2.922,0.000319437
2.923,0.000318119
2.924,0.0003168
2.925,0.000315479
2.926,0.000314157
2.927,0.000312834
2.928,0.00031151
2.929,0.000310184
2.93,0.000308857
2.931,0.000307529
2.932,0.000306199
2.933,0.000304868
2.934,0.000303536
2.935,0.000302202
2.936,0.000300868
2.937,0.000299532
2.938,0.000298194
2.939,0.000296856
2.94,0.000295516
2.941,0.000294175
2.942,0.000292832
2.943,0.000291489
2.944,0.000290144
2.945,0.000288797
2.946,0.00028745
2.947,0.000286101
2.948,0.000284751
2.949,0.0002834
2.95,0.000282047
2.951,0.000280693
2.952,0.000279338
2.953,0.000277982
2.954,0.000276624
2.955,0.000275265
2.956,0.000273905
2.957,0.000272544
2.958,0.000271181
2.959,0.000269817
2.96,0.000268452
2.961,0.000267086
2.962,0.000265718
2.963,0.000264349
2.964,0.000262979
2.965,0.000261607
2.966,0.000260235
2.967,0.000258861
2.968,0.000257486
2.969,0.000256109
2.97,0.000254732
2.971,0.000253353
2.972,0.000251973
2.973,0.000250591
2.974,0.000249209
2.975,0.000247825
2.976,0.00024644
2.977,0.000245053
2.978,0.000243666
2.979,0.000242277
2.98,0.000240887
2.981,0.000239496
2.982,0.000238103
2.983,0.00023671
2.984,0.000235315
2.985,0.000233919
2.986,0.000232521
2.987,0.000231123
2.988,0.000229723
2.989,0.000228322
2.99,0.000226919
2.991,0.000225516
2.992,0.000224111
2.993,0.000222705
2.994,0.000221298
2.995,0.00021989
2.996,0.00021848
2.997,0.00021707
2.998,0.000215658
2.999,0.000214245
3,0.00021283
3.001,0.000211415
3.002,0.000209998
3.003,0.00020858
3.004,0.000207161
3.005,0.00020574
3.006,0.000204319
3.007,0.000202896
3.008,0.000201472
3.009,0.000200047
3.01,0.000198621
3.011,0.000197193
3.012,0.000195764
3.013,0.000194334
3.014,0.000192903
3.015,0.000191471
3.016,0.000190038
3.017,0.000188603
3.018,0.000187167
3.019,0.00018573
3.02,0.000184292
3.021,0.000182852
3.022,0.000181412
3.023,0.00017997
3.024,0.000178527
3.025,0.000177083
3.026,0.000175638
3.027,0.000174191
3.028,0.000172744
3.029,0.000171295
3.03,0.000169845
3.031,0.000168394
3.032,0.000166942
3.033,0.000165488
3.034,0.000164034
3.035,0.000162578
3.036,0.000161121
3.037,0.000159663
3.038,0.000158204
3.039,0.000156744
3.04,0.000155282
3.041,0.000153819
3.042,0.000152356
3.043,0.000150891
3.044,0.000149425
3.045,0.000147957
3.046,0.000146489
3.047,0.000145019
3.048,0.000143549
3.049,0.000142077
3.05,0.000140604
3.051,0.00013913
3.052,0.000137655
3.053,0.000136178
3.054,0.000134701
3.055,0.000133222
3.056,0.000131742
3.057,0.000130261
3.058,0.000128779
3.059,0.000127296
3.06,0.000125812
3.061,0.000124326
3.062,0.00012284
3.063,0.000121352
3.064,0.000119863
3.065,0.000118374
3.066,0.000116883
3.067,0.00011539
3.068,0.000113897
3.069,0.000112403
3.07,0.000110907
3.071,0.000109411
3.072,0.000107913
3.073,0.000106414
3.074,0.000104914
3.075,0.000103413
3.076,0.000101911
3.077,0.000100408
3.078,9.89039e-05
3.079,9.73985e-05
3.08,9.5892e-05
3.081,9.43844e-05
3.082,9.28757e-05
3.083,9.1366e-05
3.084,8.98551e-05
3.085,8.83431e-05
3.086,8.68301e-05
3.087,8.5316e-05
3.088,8.38007e-05
3.089,8.22844e-05
3.09,8.07671e-05
3.091,7.92486e-05
3.092,7.7729e-05
3.093,7.62084e-05
3.094,7.46867e-05
3.095,7.3164e-05
3.096,7.16401e-05
3.097,7.01152e-05
3.098,6.85892e-05
3.099,6.70621e-05
3.1,6.5534e-05
3.101,6.40048e-05
3.102,6.24746e-05
3.103,6.09432e-05
3.104,5.94109e-05
3.105,5.78774e-05
3.106,5.63429e-05
3.107,5.48074e-05
3.108,5.32707e-05
3.109,5.17331e-05
3.11,5.01944e-05
3.111,4.86546e-05
3.112,4.71138e-05
3.113,4.55719e-05
3.114,4.4029e-05
3.115,4.2485e-05
3.116,4.094e-05
3.117,3.9394e-05
3.118,3.78469e-05
3.119,3.62987e-05
3.12,3.47496e-05
3.121,3.31994e-05
3.122,3.16481e-05
3.123,3.00959e-05
3.124,2.85426e-05
3.125,2.69882e-05
3.126,2.54329e-05
3.127,2.38765e-05
3.128,2.23191e-05
3.129,2.07606e-05
3.13,1.92012e-05
3.131,1.76407e-05
3.132,1.60792e-05
3.133,1.45167e-05
3.134,1.29532e-05
3.135,1.13886e-05
3.136,9.82307e-06
3.137,8.2565e-06
3.138,6.68892e-06
3.139,5.12033e-06
3.14,3.55074e-06
3.141,1.98014e-06
3.142,4.08535e-07
3.143,-1.16407e-06
3.144,-2.73767e-06
3.145,-4.31228e-06
3.146,-5.88788e-06
3.147,-7.46448e-06
3.148,-9.04207e-06
3.149,-1.06206e-05
3.15,-1.22002e-05
3.151,-1.37808e-05
3.152,-1.53623e-05
3.153,-1.69449e-05
3.154,-1.85284e-05
3.155,-2.01129e-05
3.156,-2.16984e-05
3.157,-2.32849e-05
3.158,-2.48723e-05
3.159,-2.64607e-05
3.16,-2.80501e-05
3.161,-2.96405e-05
3.162,-3.12318e-05
3.163,-3.28241e-05
3.164,-3.44174e-05
3.165,-3.60117e-05
3.166,-3.76069e-05
3.167,-3.92031e-05
3.168,-4.08002e-05
3.169,-4.23983e-05
3.17,-4.39973e-05
3.171,-4.55974e-05
3.172,-4.71983e-05
3.173,-4.88003e-05
3.174,-5.04031e-05
3.175,-5.2007e-05
3.176,-5.36117e-05
3.177,-5.52175e-05
3.178,-5.68241e-05
3.179,-5.84317e-05
3.18,-6.00403e-05
3.181,-6.16498e-05
3.182,-6.32602e-05
3.183,-6.48716e-05
3.184,-6.64839e-05
3.185,-6.80972e-05
3.186,-6.97113e-05
3.187,-7.13264e-05
3.188,-7.29425e-05
3.189,-7.45594e-05
3.19,-7.61773e-05
3.191,-7.77961e-05
3.192,-7.94159e-05
3.193,-8.10365e-05
3.194,-8.26581e-05
3.195,-8.42806e-05
3.196,-8.5904e-05
3.197,-8.75283e-05
3.198,-8.91536e-05
3.199,-9.07797e-05
3.2,-9.24068e-05
3.201,-9.40348e-05
3.202,-9.56636e-05
3.203,-9.72934e-05
3.204,-9.89241e-05
3.205,-0.000100556
3.206,-0.000102188
3.207,-0.000103822
3.208,-0.000105456
3.209,-0.000107091
3.21,-0.000108727
3.211,-0.000110364
3.212,-0.000112002
3.213,-0.000113641
3.214,-0.00011528
3.215,-0.000116921
3.216,-0.000118562
3.217,-0.000120204
3.218,-0.000121847
3.219,-0.000123491
3.22,-0.000125136
3.221,-0.000126782
3.222,-0.000128429
3.223,-0.000130076
3.224,-0.000131725
3.225,-0.000133374
3.226,-0.000135024
3.227,-0.000136675
3.228,-0.000138327
3.229,-0.000139979
3.23,-0.000141633
3.231,-0.000143287
3.232,-0.000144943
3.233,-0.000146599
3.234,-0.000148256
3.235,-0.000149913
3.236,-0.000151572
3.237,-0.000153232
3.238,-0.000154892
3.239,-0.000156553
3.24,-0.000158215
3.241,-0.000159878
3.242,-0.000161542
3.243,-0.000163206
3.244,-0.000164872
3.245,-0.000166538
3.246,-0.000168205
3.247,-0.000169873
3.248,-0.000171541
3.249,-0.000173211
3.25,-0.000174881
3.251,-0.000176552
3.252,-0.000178224
3.253,-0.000179897
3.254,-0.000181571
3.255,-0.000183245
3.256,-0.00018492
3.257,-0.000186596
3.258,-0.000188273
3.259,-0.000189951
3.26,-0.000191629
3.261,-0.000193309
3.262,-0.000194989
3.263,-0.00019667
3.264,-0.000198351
3.265,-0.000200034
3.266,-0.000201717
3.267,-0.000203401
3.268,-0.000205086
3.269,-0.000206771
3.27,-0.000208458
3.271,-0.000210145
3.272,-0.000211833
3.273,-0.000213522
3.274,-0.000215211
3.275,-0.000216902
3.276,-0.000218593
3.277,-0.000220285
3.278,-0.000221977
3.279,-0.000223671
3.28,-0.000225365
3.281,-0.00022706
3.282,-0.000228756
3.283,-0.000230452
3.284,-0.000232149
3.285,-0.000233847
3.286,-0.000235546
3.287,-0.000237246
3.288,-0.000238946
3.289,-0.000240647
3.29,-0.000242349
3.291,-0.000244051
3.292,-0.000245754
3.293,-0.000247458
3.294,-0.000249163
3.295,-0.000250869
3.296,-0.000252575
3.297,-0.000254282
3.298,-0.000255989
3.299,-0.000257698
3.3,-0.000259407
3.301,-0.000261117
3.302,-0.000262828
3.303,-0.000264539
3.304,-0.000266251
3.305,-0.000267964
3.306,-0.000269677
3.307,-0.000271392
3.308,-0.000273107
3.309,-0.000274822
3.31,-0.000276539
3.311,-0.000278256
3.312,-0.000279973
3.313,-0.000281692
3.314,-0.000283411
3.315,-0.000285131
3.316,-0.000286852
3.317,-0.000288573
3.318,-0.000290295
3.319,-0.000292018
3.32,-0.000293741
3.321,-0.000295465
3.322,-0.00029719
3.323,-0.000298916
3.324,-0.000300642
3.325,-0.000302369
3.326,-0.000304096
3.327,-0.000305824
3.328,-0.000307553
3.329,-0.000309283
3.33,-0.000311013
3.331,-0.000312744
3.332,-0.000314476
3.333,-0.000316208
3.334,-0.000317941
3.335,-0.000319674
3.336,-0.000321409
3.337,-0.000323143
3.338,-0.000324879
3.339,-0.000326615
3.34,-0.000328352
3.341,-0.00033009
3.342,-0.000331828
3.343,-0.000333567
3.344,-0.000335306
3.345,-0.000337046
3.346,-0.000338787
3.347,-0.000340529
3.348,-0.000342271
3.349,-0.000344013
3.35,-0.000345757
3.351,-0.000347501
3.352,-0.000349245
3.353,-0.000350991
3.354,-0.000352736
3.355,-0.000354483
3.356,-0.00035623
3.357,-0.000357978
3.358,-0.000359726
3.359,-0.000361475
3.36,-0.000363225
3.361,-0.000364975
3.362,-0.000366726
3.363,-0.000368477
3.364,-0.000370229
3.365,-0.000371982
3.366,-0.000373735
3.367,-0.000375489
3.368,-0.000377243
3.369,-0.000378998
3.37,-0.000380754
3.371,-0.00038251
3.372,-0.000384267
3.373,-0.000386025
3.374,-0.000387783
3.375,-0.000389541
3.376,-0.0003913
3.377,-0.00039306
3.378,-0.000394821
3.379,-0.000396582
3.38,-0.000398343
3.381,-0.000400105
3.382,-0.000401868
3.383,-0.000403631
3.384,-0.000405395
3.385,-0.000407159
3.386,-0.000408924
3.387,-0.00041069
3.388,-0.000412456
3.389,-0.000414222
3.39,-0.00041599
3.391,-0.000417757
3.392,-0.000419526
3.393,-0.000421294
3.394,-0.000423064
3.395,-0.000424834
3.396,-0.000426604
3.397,-0.000428375
3.398,-0.000430147
3.399,-0.000431919
3.4,-0.000433692
3.401,-0.000435465
3.402,-0.000437238
3.403,-0.000439013
3.404,-0.000440787
3.405,-0.000442563
3.406,-0.000444339
3.407,-0.000446115
3.408,-0.000447892
3.409,-0.000449669
3.41,-0.000451447
3.411,-0.000453225
3.412,-0.000455004
3.413,-0.000456784
3.414,-0.000458564
3.415,-0.000460344
3.416,-0.000462125
3.417,-0.000463907
3.418,-0.000465689
3.419,-0.000467471
3.42,-0.000469254
3.421,-0.000471037
3.422,-0.000472821
3.423,-0.000474606
3.424,-0.000476391
3.425,-0.000478176
3.426,-0.000479962
3.427,-0.000481748
3.428,-0.000483535
3.429,-0.000485323
3.43,-0.00048711
3.431,-0.000488899
3.432,-0.000490687
3.433,-0.000492477
3.434,-0.000494266
3.435,-0.000496056
3.436,-0.000497847
3.437,-0.000499638
3.438,-0.00050143
3.439,-0.000503222
3.44,-0.000505014
3.441,-0.000506807
3.442,-0.0005086
3.443,-0.000510394
3.444,-0.000512188
3.445,-0.000513983
3.446,-0.000515778
3.447,-0.000517574
3.448,-0.00051937
3.449,-0.000521166
3.45,-0.000522963
3.451,-0.00052476
3.452,-0.000526558
3.453,-0.000528356
3.454,-0.000530155
3.455,-0.000531954
3.456,-0.000533753
3.457,-0.000535553
3.458,-0.000537353
3.459,-0.000539154
3.46,-0.000540955
3.461,-0.000542757
3.462,-0.000544559
3.463,-0.000546361
3.464,-0.000548164
3.465,-0.000549967
3.466,-0.00055177
3.467,-0.000553574
3.468,-0.000555379
3.469,-0.000557183
3.47,-0.000558988
3.471,-0.000560794
3.472,-0.0005626
3.473,-0.000564406
3.474,-0.000566213
3.475,-0.00056802
3.476,-0.000569827
3.477,-0.000571635
3.478,-0.000573443
3.479,-0.000575252
3.48,-0.000577061
3.481,-0.00057887
3.482,-0.00058068
3.483,-0.00058249
3.484,-0.0005843
3.485,-0.000586111
3.486,-0.000587922
3.487,-0.000589733
3.488,-0.000591545
3.489,-0.000593357
3.49,-0.00059517
3.491,-0.000596983
3.492,-0.000598796
3.493,-0.000600609
3.494,-0.000602423
3.495,-0.000604237
3.496,-0.000606052
3.497,-0.000607867
3.498,-0.000609682
3.499,-0.000611497
3.5,-0.000613313
3.501,-0.00061513
3.502,-0.000616946
3.503,-0.000618763
3.504,-0.00062058
3.505,-0.000622398
3.506,-0.000624215
3.507,-0.000626033
3.508,-0.000627852
3.509,-0.000629671
3.51,-0.00063149
3.511,-0.000633309
3.512,-0.000635128
3.513,-0.000636948
3.514,-0.000638769
3.515,-0.000640589
3.516,-0.00064241
3.517,-0.000644231
3.518,-0.000646052
3.519,-0.000647874
3.52,-0.000649696
3.521,-0.000651518
3.522,-0.000653341
3.523,-0.000655164
3.524,-0.000656987
3.525,-0.00065881
3.526,-0.000660634
3.527,-0.000662457
3.528,-0.000664282
3.529,-0.000666106
3.53,-0.000667931
3.531,-0.000669756
3.532,-0.000671581
3.533,-0.000673406
3.534,-0.000675232
3.535,-0.000677058
3.536,-0.000678884
3.537,-0.000680711
3.538,-0.000682537
3.539,-0.000684364
3.54,-0.000686191
3.541,-0.000688019
3.542,-0.000689846
3.543,-0.000691674
3.544,-0.000693502
3.545,-0.000695331
3.546,-0.000697159
3.547,-0.000698988
3.548,-0.000700817
3.549,-0.000702646
3.55,-0.000704476
3.551,-0.000706305
3.552,-0.000708135
3.553,-0.000709965
3.554,-0.000711796
3.555,-0.000713626
3.556,-0.000715457
3.557,-0.000717288
3.558,-0.000719119
3.559,-0.00072095
3.56,-0.000722782
3.561,-0.000724613
3.562,-0.000726445
3.563,-0.000728277
3.564,-0.000730109
3.565,-0.000731942
3.566,-0.000733775
3.567,-0.000735607
3.568,-0.00073744
3.569,-0.000739273
3.57,-0.000741107
3.571,-0.00074294
3.572,-0.000744774
3.573,-0.000746608
3.574,-0.000748442
3.575,-0.000750276
3.576,-0.00075211
3.577,-0.000753945
3.578,-0.000755779
3.579,-0.000757614
3.58,-0.000759449
3.581,-0.000761284
3.582,-0.000763119
3.583,-0.000764955
3.584,-0.00076679
3.585,-0.000768626
3.586,-0.000770462
3.587,-0.000772298
3.588,-0.000774134
3.589,-0.00077597
3.59,-0.000777806
3.591,-0.000779643
3.592,-0.000781479
3.593,-0.000783316
3.594,-0.000785153
3.595,-0.000786989
3.596,-0.000788826
3.597,-0.000790664
3.598,-0.000792501
3.599,-0.000794338
3.6,-0.000796176
3.601,-0.000798013
3.602,-0.000799851
3.603,-0.000801689
3.604,-0.000803526
3.605,-0.000805364
3.606,-0.000807202
3.607,-0.000809041
3.608,-0.000810879
3.609,-0.000812717
3.61,-0.000814556
3.611,-0.000816394
3.612,-0.000818232
3.613,-0.000820071
3.614,-0.00082191
3.615,-0.000823749
3.616,-0.000825587
3.617,-0.000827426
3.618,-0.000829265
3.619,-0.000831104
3.62,-0.000832943
3.621,-0.000834782
3.622,-0.000836622
3.623,-0.000838461
3.624,-0.0008403
3.625,-0.000842139
3.626,-0.000843979
3.627,-0.000845818
3.628,-0.000847658
3.629,-0.000849497
3.63,-0.000851337
3.631,-0.000853176
3.632,-0.000855016
3.633,-0.000856856
3.634,-0.000858695
3.635,-0.000860535
3.636,-0.000862375
3.637,-0.000864214
3.638,-0.000866054
3.639,-0.000867894
3.64,-0.000869734
3.641,-0.000871573
3.642,-0.000873413
3.643,-0.000875253
3.644,-0.000877093
3.645,-0.000878933
3.646,-0.000880772
3.647,-0.000882612
3.648,-0.000884452
3.649,-0.000886292
3.65,-0.000888132
3.651,-0.000889971
3.652,-0.000891811
3.653,-0.000893651
3.654,-0.000895491
3.655,-0.00089733
3.656,-0.00089917
3.657,-0.00090101
3.658,-0.000902849
3.659,-0.000904689
3.66,-0.000906528
3.661,-0.000908368
3.662,-0.000910207
3.663,-0.000912047
3.664,-0.000913886
3.665,-0.000915725
3.666,-0.000917565
3.667,-0.000919404
3.668,-0.000921243
3.669,-0.000923082
3.67,-0.000924921
3.671,-0.00092676
3.672,-0.000928599
3.673,-0.000930438
3.674,-0.000932277
3.675,-0.000934116
3.676,-0.000935955
3.677,-0.000937793
3.678,-0.000939632
3.679,-0.00094147
3.68,-0.000943309
3.681,-0.000945147
3.682,-0.000946985
3.683,-0.000948823
3.684,-0.000950661
3.685,-0.000952499
3.686,-0.000954337
3.687,-0.000956175
3.688,-0.000958012
3.689,-0.00095985
3.69,-0.000961687
3.691,-0.000963525
3.692,-0.000965362
3.693,-0.000967199
3.694,-0.000969036
3.695,-0.000970873
3.696,-0.00097271
3.697,-0.000974546
3.698,-0.000976383
3.699,-0.000978219
3.7,-0.000980056
3.701,-0.000981892
3.702,-0.000983728
3.703,-0.000985564
3.704,-0.000987399
3.705,-0.000989235
3.706,-0.000991071
3.707,-0.000992906
3.708,-0.000994741
3.709,-0.000996576
3.71,-0.000998411
3.711,-0.00100025
3.712,-0.00100208
3.713,-0.00100391
3.714,-0.00100575
3.715,-0.00100758
3.716,-0.00100942
3.717,-0.00101125
3.718,-0.00101308
3.719,-0.00101492
3.72,-0.00101675
3.721,-0.00101858
3.722,-0.00102042
3.723,-0.00102225
3.724,-0.00102408
3.725,-0.00102591
3.726,-0.00102775
3.727,-0.00102958
3.728,-0.00103141
3.729,-0.00103324
3.73,-0.00103507
3.731,-0.0010369
3.732,-0.00103874
3.733,-0.00104057
3.734,-0.0010424
3.735,-0.00104423
3.736,-0.00104606
3.737,-0.00104789
3.738,-0.00104972
3.739,-0.00105155
3.74,-0.00105338
3.741,-0.0010552
3.742,-0.00105703
3.743,-0.00105886
3.744,-0.00106069
3.745,-0.00106252
3.746,-0.00106435
3.747,-0.00106617
3.748,-0.001068
3.749,-0.00106983
3.75,-0.00107165
3.751,-0.00107348
3.752,-0.00107531
3.753,-0.00107713
3.754,-0.00107896
3.755,-0.00108079
3.756,-0.00108261
3.757,-0.00108444
3.758,-0.00108626
3.759,-0.00108809
3.76,-0.00108991
3.761,-0.00109173
3.762,-0.00109356
3.763,-0.00109538
3.764,-0.0010972
3.765,-0.00109903
3.766,-0.00110085
3.767,-0.00110267
3.768,-0.00110449
3.769,-0.00110632
3.77,-0.00110814
3.771,-0.00110996
3.772,-0.00111178
3.773,-0.0011136
3.774,-0.00111542
3.775,-0.00111724
3.776,-0.00111906
3.777,-0.00112088
3.778,-0.0011227
3.779,-0.00112452
3.78,-0.00112633
3.781,-0.00112815
3.782,-0.00112997
3.783,-0.00113179
3.784,-0.0011336
3.785,-0.00113542
3.786,-0.00113724
3.787,-0.00113905
3.788,-0.00114087
3.789,-0.00114268
3.79,-0.0011445
3.791,-0.00114631
3.792,-0.00114813
3.793,-0.00114994
3.794,-0.00115176
3.795,-0.00115357
3.796,-0.00115538
3.797,-0.0011572
3.798,-0.00115901
3.799,-0.00116082
3.8,-0.00116263
3.801,-0.00116444
3.802,-0.00116625
3.803,-0.00116806
3.804,-0.00116987
3.805,-0.00117168
3.806,-0.00117349
3.807,-0.0011753
3.808,-0.00117711
3.809,-0.00117892
3.81,-0.00118072
3.811,-0.00118253
3.812,-0.00118434
3.813,-0.00118615
3.814,-0.00118795
3.815,-0.00118976
3.816,-0.00119156
3.817,-0.00119337
3.818,-0.00119517
3.819,-0.00119698
3.82,-0.00119878
3.821,-0.00120058
3.822,-0.00120239
3.823,-0.00120419
3.824,-0.00120599
3.825,-0.00120779
3.826,-0.00120959
3.827,-0.00121139
3.828,-0.00121319
3.829,-0.00121499
3.83,-0.00121679
3.831,-0.00121859
3.832,-0.00122039
3.833,-0.00122219
3.834,-0.00122399
3.835,-0.00122578
3.836,-0.00122758
3.837,-0.00122937
3.838,-0.00123117
3.839,-0.00123297
3.84,-0.00123476
3.841,-0.00123656
3.842,-0.00123835
3.843,-0.00124014
3.844,-0.00124194
3.845,-0.00124373
3.846,-0.00124552
3.847,-0.00124731
3.848,-0.0012491
3.849,-0.00125089
3.85,-0.00125268
3.851,-0.00125447
3.852,-0.00125626
3.853,-0.00125805
3.854,-0.00125984
3.855,-0.00126163
3.856,-0.00126341
3.857,-0.0012652
3.858,-0.00126698
3.859,-0.00126877
3.86,-0.00127056
3.861,-0.00127234
3.862,-0.00127412
3.863,-0.00127591
3.864,-0.00127769
3.865,-0.00127947
3.866,-0.00128125
3.867,-0.00128304
3.868,-0.00128482
3.869,-0.0012866
3.87,-0.00128838
3.871,-0.00129016
3.872,-0.00129193
3.873,-0.00129371
3.874,-0.00129549
3.875,-0.00129727
3.876,-0.00129904
3.877,-0.00130082
3.878,-0.00130259
3.879,-0.00130437
3.88,-0.00130614
3.881,-0.00130792
3.882,-0.00130969
3.883,-0.00131146
3.884,-0.00131323
3.885,-0.00131501
3.886,-0.00131678
3.887,-0.00131855
3.888,-0.00132032
3.889,-0.00132209
3.89,-0.00132385
3.891,-0.00132562
3.892,-0.00132739
3.893,-0.00132916
3.894,-0.00133092
3.895,-0.00133269
3.896,-0.00133445
3.897,-0.00133622
3.898,-0.00133798
3.899,-0.00133974
3.9,-0.00134151
3.901,-0.00134327
3.902,-0.00134503
3.903,-0.00134679
3.904,-0.00134855
3.905,-0.00135031
3.906,-0.00135207
3.907,-0.00135383
3.908,-0.00135558
3.909,-0.00135734
3.91,-0.0013591
3.911,-0.00136085
3.912,-0.00136261
3.913,-0.00136436
3.914,-0.00136612
3.915,-0.00136787
3.916,-0.00136962
3.917,-0.00137137
3.918,-0.00137312
3.919,-0.00137487
3.92,-0.00137662
3.921,-0.00137837
3.922,-0.00138012
3.923,-0.00138187
3.924,-0.00138362
3.925,-0.00138536
3.926,-0.00138711
3.927,-0.00138885
3.928,-0.0013906
3.929,-0.00139234
3.93,-0.00139408
3.931,-0.00139583
3.932,-0.00139757
3.933,-0.00139931
3.934,-0.00140105
3.935,-0.00140279
3.936,-0.00140453
3.937,-0.00140627
3.938,-0.001408
3.939,-0.00140974
3.94,-0.00141148
3.941,-0.00141321
3.942,-0.00141495
3.943,-0.00141668
3.944,-0.00141841
3.945,-0.00142014
3.946,-0.00142188
3.947,-0.00142361
3.948,-0.00142534
3.949,-0.00142707
3.95,-0.0014288
3.951,-0.00143052
3.952,-0.00143225
3.953,-0.00143398
3.954,-0.0014357
3.955,-0.00143743
3.956,-0.00143915
3.957,-0.00144088
3.958,-0.0014426
3.959,-0.00144432
3.96,-0.00144604
3.961,-0.00144776
3.962,-0.00144948
3.963,-0.0014512
3.964,-0.00145292
3.965,-0.00145464
3.966,-0.00145635
3.967,-0.00145807
3.968,-0.00145979
3.969,-0.0014615
3.97,-0.00146321
3.971,-0.00146493
3.972,-0.00146664
3.973,-0.00146835
3.974,-0.00147006
3.975,-0.00147177
3.976,-0.00147348
3.977,-0.00147519
3.978,-0.00147689
3.979,-0.0014786
3.98,-0.00148031
3.981,-0.00148201
3.982,-0.00148372
3.983,-0.00148542
3.984,-0.00148712
3.985,-0.00148882
3.986,-0.00149052
3.987,-0.00149222
3.988,-0.00149392
3.989,-0.00149562
3.99,-0.00149732
3.991,-0.00149901
3.992,-0.00150071
3.993,-0.0015024
3.994,-0.0015041
3.995,-0.00150579
3.996,-0.00150748
3.997,-0.00150918
3.998,-0.00151087
3.999,-0.00151256
4,-0.00151425
4.001,-0.00151593
4.002,-0.00151762
4.003,-0.00151931
4.004,-0.00152099
4.005,-0.00152268
4.006,-0.00152436
4.007,-0.00152604
4.008,-0.00152773
4.009,-0.00152941
4.01,-0.00153109
4.011,-0.00153277
4.012,-0.00153445
4.013,-0.00153612
4.014,-0.0015378
4.015,-0.00153948
4.016,-0.00154115
4.017,-0.00154282
4.018,-0.0015445
4.019,-0.00154617
4.02,-0.00154784
4.021,-0.00154951
4.022,-0.00155118
4.023,-0.00155285
4.024,-0.00155452
4.025,-0.00155618
4.026,-0.00155785
4.027,-0.00155952
4.028,-0.00156118
4.029,-0.00156284
4.03,-0.0015645
4.031,-0.00156617
4.032,-0.00156783
4.033,-0.00156949
4.034,-0.00157114
4.035,-0.0015728
4.036,-0.00157446
4.037,-0.00157611
4.038,-0.00157777
4.039,-0.00157942
4.04,-0.00158107
4.041,-0.00158273
4.042,-0.00158438
4.043,-0.00158603
4.044,-0.00158768
4.045,-0.00158932
4.046,-0.00159097
4.047,-0.00159262
4.048,-0.00159426
4.049,-0.00159591
4.05,-0.00159755
4.051,-0.00159919
4.052,-0.00160083
4.053,-0.00160247
4.054,-0.00160411
4.055,-0.00160575
4.056,-0.00160739
4.057,-0.00160902
4.058,-0.00161066
4.059,-0.00161229
4.06,-0.00161392
4.061,-0.00161556
4.062,-0.00161719
4.063,-0.00161882
4.064,-0.00162045
4.065,-0.00162208
4.066,-0.0016237
4.067,-0.00162533
4.068,-0.00162695
4.069,-0.00162858
4.07,-0.0016302
4.071,-0.00163182
4.072,-0.00163344
4.073,-0.00163506
4.074,-0.00163668
4.075,-0.0016383
4.076,-0.00163992
4.077,-0.00164153
4.078,-0.00164315
4.079,-0.00164476
4.08,-0.00164637
4.081,-0.00164798
4.082,-0.0016496
4.083,-0.0016512
4.084,-0.00165281
4.085,-0.00165442
4.086,-0.00165603
4.087,-0.00165763
4.088,-0.00165924
4.089,-0.00166084
4.09,-0.00166244
4.091,-0.00166404
4.092,-0.00166564
4.093,-0.00166724
4.094,-0.00166884
4.095,-0.00167043
4.096,-0.00167203
4.097,-0.00167362
4.098,-0.00167522
4.099,-0.00167681
4.1,-0.0016784
4.101,-0.00167999
4.102,-0.00168158
4.103,-0.00168317
4.104,-0.00168475
4.105,-0.00168634
4.106,-0.00168792
4.107,-0.00168951
4.108,-0.00169109
4.109,-0.00169267
4.11,-0.00169425
4.111,-0.00169583
4.112,-0.00169741
4.113,-0.00169898
4.114,-0.00170056
4.115,-0.00170213
4.116,-0.00170371
4.117,-0.00170528
4.118,-0.00170685
4.119,-0.00170842
4.12,-0.00170999
4.121,-0.00171155
4.122,-0.00171312
4.123,-0.00171469
4.124,-0.00171625
4.125,-0.00171781
4.126,-0.00171937
4.127,-0.00172093
4.128,-0.00172249
4.129,-0.00172405
4.13,-0.00172561
4.131,-0.00172716
4.132,-0.00172872
4.133,-0.00173027
4.134,-0.00173183
4.135,-0.00173338
4.136,-0.00173493
4.137,-0.00173647
4.138,-0.00173802
4.139,-0.00173957
4.14,-0.00174111
4.141,-0.00174266
4.142,-0.0017442
4.143,-0.00174574
4.144,-0.00174728
4.145,-0.00174882
4.146,-0.00175036
4.147,-0.0017519
4.148,-0.00175343
4.149,-0.00175497
4.15,-0.0017565
4.151,-0.00175803
4.152,-0.00175956
4.153,-0.00176109
4.154,-0.00176262
4.155,-0.00176415
4.156,-0.00176567
4.157,-0.0017672
4.158,-0.00176872
4.159,-0.00177024
4.16,-0.00177176
4.161,-0.00177328
4.162,-0.0017748
4.163,-0.00177632
4.164,-0.00177783
4.165,-0.00177935
4.166,-0.00178086
4.167,-0.00178237
4.168,-0.00178388
4.169,-0.00178539
4.17,-0.0017869
4.171,-0.00178841
4.172,-0.00178991
4.173,-0.00179142
4.174,-0.00179292
4.175,-0.00179442
4.176,-0.00179592
4.177,-0.00179742
4.178,-0.00179892
4.179,-0.00180042
4.18,-0.00180191
4.181,-0.00180341
4.182,-0.0018049
4.183,-0.00180639
4.184,-0.00180788
4.185,-0.00180937
4.186,-0.00181086
4.187,-0.00181234
4.188,-0.00181383
4.189,-0.00181531
4.19,-0.00181679
4.191,-0.00181827
4.192,-0.00181975
4.193,-0.00182123
4.194,-0.00182271
4.195,-0.00182418
4.196,-0.00182566
4.197,-0.00182713
4.198,-0.0018286
4.199,-0.00183007
4.2,-0.00183154
4.201,-0.00183301
4.202,-0.00183448
4.203,-0.00183594
4.204,-0.00183741
4.205,-0.00183887
4.206,-0.00184033
4.207,-0.00184179
4.208,-0.00184325
4.209,-0.0018447
4.21,-0.00184616
4.211,-0.00184761
4.212,-0.00184907
4.213,-0.00185052
4.214,-0.00185197
4.215,-0.00185342
4.216,-0.00185486
4.217,-0.00185631
4.218,-0.00185776
4.219,-0.0018592
4.22,-0.00186064
4.221,-0.00186208
4.222,-0.00186352
4.223,-0.00186496
4.224,-0.00186639
4.225,-0.00186783
4.226,-0.00186926
4.227,-0.00187069
4.228,-0.00187212
4.229,-0.00187355
4.23,-0.00187498
4.231,-0.00187641
4.232,-0.00187783
4.233,-0.00187926
4.234,-0.00188068
4.235,-0.0018821
4.236,-0.00188352
4.237,-0.00188494
4.238,-0.00188635
4.239,-0.00188777
4.24,-0.00188918
4.241,-0.0018906
4.242,-0.00189201
4.243,-0.00189342
4.244,-0.00189482
4.245,-0.00189623
4.246,-0.00189763
4.247,-0.00189904
4.248,-0.00190044
4.249,-0.00190184
4.25,-0.00190324
4.251,-0.00190464
4.252,-0.00190603
4.253,-0.00190743
4.254,-0.00190882
4.255,-0.00191021
4.256,-0.00191161
4.257,-0.00191299
4.258,-0.00191438
4.259,-0.00191577
4.26,-0.00191715
4.261,-0.00191854
4.262,-0.00191992
4.263,-0.0019213
4.264,-0.00192268
4.265,-0.00192405
4.266,-0.00192543
4.267,-0.0019268
4.268,-0.00192818
4.269,-0.00192955
4.27,-0.00193092
4.271,-0.00193228
4.272,-0.00193365
4.273,-0.00193502
4.274,-0.00193638
4.275,-0.00193774
4.276,-0.0019391
4.277,-0.00194046
4.278,-0.00194182
4.279,-0.00194318
4.28,-0.00194453
4.281,-0.00194588
4.282,-0.00194723
4.283,-0.00194858
4.284,-0.00194993
4.285,-0.00195128
4.286,-0.00195263
4.287,-0.00195397
4.288,-0.00195531
4.289,-0.00195665
4.29,-0.00195799
4.291,-0.00195933
4.292,-0.00196067
4.293,-0.001962
4.294,-0.00196333
4.295,-0.00196467
4.296,-0.00196599
4.297,-0.00196732
4.298,-0.00196865
4.299,-0.00196998
4.3,-0.0019713
4.301,-0.00197262
4.302,-0.00197394
4.303,-0.00197526
4.304,-0.00197658
4.305,-0.00197789
4.306,-0.00197921
4.307,-0.00198052
4.308,-0.00198183
4.309,-0.00198314
4.31,-0.00198445
4.311,-0.00198576
4.312,-0.00198706
4.313,-0.00198836
4.314,-0.00198966
4.315,-0.00199096
4.316,-0.00199226
4.317,-0.00199356
4.318,-0.00199485
4.319,-0.00199615
4.32,-0.00199744
4.321,-0.00199873
4.322,-0.00200002
4.323,-0.00200131
4.324,-0.00200259
4.325,-0.00200388
4.326,-0.00200516
4.327,-0.00200644
4.328,-0.00200772
4.329,-0.00200899
4.33,-0.00201027
4.331,-0.00201154
4.332,-0.00201282
4.333,-0.00201409
4.334,-0.00201536
4.335,-0.00201662
4.336,-0.00201789
4.337,-0.00201915
4.338,-0.00202042
4.339,-0.00202168
4.34,-0.00202294
4.341,-0.00202419
4.342,-0.00202545
4.343,-0.0020267
4.344,-0.00202796
4.345,-0.00202921
4.346,-0.00203046
4.347,-0.0020317
4.348,-0.00203295
4.349,-0.00203419
4.35,-0.00203544
4.351,-0.00203668
4.352,-0.00203792
4.353,-0.00203915
4.354,-0.00204039
4.355,-0.00204162
4.356,-0.00204286
4.357,-0.00204409
4.358,-0.00204532
4.359,-0.00204654
4.36,-0.00204777
4.361,-0.00204899
4.362,-0.00205022
4.363,-0.00205144
4.364,-0.00205265
4.365,-0.00205387
4.366,-0.00205509
4.367,-0.0020563
4.368,-0.00205751
4.369,-0.00205872
4.37,-0.00205993
4.371,-0.00206114
4.372,-0.00206234
4.373,-0.00206355
4.374,-0.00206475
4.375,-0.00206595
4.376,-0.00206715
4.377,-0.00206834
4.378,-0.00206954
4.379,-0.00207073
4.38,-0.00207192
4.381,-0.00207311
4.382,-0.0020743
4.383,-0.00207548
4.384,-0.00207667
4.385,-0.00207785
4.386,-0.00207903
4.387,-0.00208021
4.388,-0.00208139
4.389,-0.00208256
4.39,-0.00208374
4.391,-0.00208491
4.392,-0.00208608
4.393,-0.00208725
4.394,-0.00208841
4.395,-0.00208958
4.396,-0.00209074
4.397,-0.0020919
4.398,-0.00209306
4.399,-0.00209422
4.4,-0.00209538
4.401,-0.00209653
4.402,-0.00209768
4.403,-0.00209883
4.404,-0.00209998
4.405,-0.00210113
4.406,-0.00210227
4.407,-0.00210342
4.408,-0.00210456
4.409,-0.0021057
4.41,-0.00210684
4.411,-0.00210797
4.412,-0.00210911
4.413,-0.00211024
4.414,-0.00211137
4.415,-0.0021125
4.416,-0.00211363
4.417,-0.00211475
4.418,-0.00211588
4.419,-0.002117
4.42,-0.00211812
4.421,-0.00211923
4.422,-0.00212035
4.423,-0.00212147
4.424,-0.00212258
4.425,-0.00212369
4.426,-0.0021248
4.427,-0.0021259
4.428,-0.00212701
4.429,-0.00212811
4.43,-0.00212921
4.431,-0.00213031
4.432,-0.00213141
4.433,-0.00213251
4.434,-0.0021336
4.435,-0.00213469
4.436,-0.00213578
4.437,-0.00213687
4.438,-0.00213796
4.439,-0.00213904
4.44,-0.00214013
4.441,-0.00214121
4.442,-0.00214229
4.443,-0.00214336
4.444,-0.00214444
4.445,-0.00214551
4.446,-0.00214658
4.447,-0.00214765
4.448,-0.00214872
4.449,-0.00214979
4.45,-0.00215085
4.451,-0.00215191
4.452,-0.00215297
4.453,-0.00215403
4.454,-0.00215509
4.455,-0.00215614
4.456,-0.0021572
4.457,-0.00215825
4.458,-0.00215929
4.459,-0.00216034
4.46,-0.00216139
4.461,-0.00216243
4.462,-0.00216347
4.463,-0.00216451
4.464,-0.00216555
4.465,-0.00216658
4.466,-0.00216762
4.467,-0.00216865
4.468,-0.00216968
4.469,-0.00217071
4.47,-0.00217173
4.471,-0.00217276
4.472,-0.00217378
4.473,-0.0021748
4.474,-0.00217582
4.475,-0.00217683
4.476,-0.00217785
4.477,-0.00217886
4.478,-0.00217987
4.479,-0.00218088
4.48,-0.00218188
4.481,-0.00218289
4.482,-0.00218389
4.483,-0.00218489
4.484,-0.00218589
4.485,-0.00218689
4.486,-0.00218788
4.487,-0.00218887
4.488,-0.00218987
4.489,-0.00219085
4.49,-0.00219184
4.491,-0.00219283
4.492,-0.00219381
4.493,-0.00219479
4.494,-0.00219577
4.495,-0.00219675
4.496,-0.00219772
4.497,-0.00219869
4.498,-0.00219966
4.499,-0.00220063
4.5,-0.0022016
4.501,-0.00220257
4.502,-0.00220353
4.503,-0.00220449
4.504,-0.00220545
4.505,-0.00220641
4.506,-0.00220736
4.507,-0.00220831
4.508,-0.00220927
4.509,-0.00221021
4.51,-0.00221116
4.511,-0.00221211
4.512,-0.00221305
4.513,-0.00221399
4.514,-0.00221493
4.515,-0.00221587
4.516,-0.0022168
4.517,-0.00221774
4.518,-0.00221867
4.519,-0.0022196
4.52,-0.00222052
4.521,-0.00222145
4.522,-0.00222237
4.523,-0.00222329
4.524,-0.00222421
4.525,-0.00222513
4.526,-0.00222604
4.527,-0.00222695
4.528,-0.00222786
4.529,-0.00222877
4.53,-0.00222968
4.531,-0.00223058
4.532,-0.00223149
4.533,-0.00223239
4.534,-0.00223329
4.535,-0.00223418
4.536,-0.00223508
4.537,-0.00223597
4.538,-0.00223686
4.539,-0.00223775
4.54,-0.00223863
4.541,-0.00223952
4.542,-0.0022404
4.543,-0.00224128
4.544,-0.00224216
4.545,-0.00224303
4.546,-0.00224391
4.547,-0.00224478
4.548,-0.00224565
4.549,-0.00224651
4.55,-0.00224738
4.551,-0.00224824
4.552,-0.0022491
4.553,-0.00224996
4.554,-0.00225082
4.555,-0.00225167
4.556,-0.00225253
4.557,-0.00225338
4.558,-0.00225423
4.559,-0.00225507
4.56,-0.00225592
4.561,-0.00225676
4.562,-0.0022576
4.563,-0.00225844
4.564,-0.00225927
4.565,-0.00226011
4.566,-0.00226094
4.567,-0.00226177
4.568,-0.0022626
4.569,-0.00226342
4.57,-0.00226424
4.571,-0.00226506
4.572,-0.00226588
4.573,-0.0022667
4.574,-0.00226752
4.575,-0.00226833
4.576,-0.00226914
4.577,-0.00226995
4.578,-0.00227075
4.579,-0.00227156
4.58,-0.00227236
4.581,-0.00227316
4.582,-0.00227396
4.583,-0.00227475
4.584,-0.00227555
4.585,-0.00227634
4.586,-0.00227713
4.587,-0.00227791
4.588,-0.0022787
4.589,-0.00227948
4.59,-0.00228026
4.591,-0.00228104
4.592,-0.00228181
4.593,-0.00228259
4.594,-0.00228336
4.595,-0.00228413
4.596,-0.0022849
4.597,-0.00228566
4.598,-0.00228643
4.599,-0.00228719
4.6,-0.00228795
4.601,-0.0022887
4.602,-0.00228946
4.603,-0.00229021
4.604,-0.00229096
4.605,-0.00229171
4.606,-0.00229245
4.607,-0.0022932
4.608,-0.00229394
4.609,-0.00229468
4.61,-0.00229541
4.611,-0.00229615
4.612,-0.00229688
4.613,-0.00229761
4.614,-0.00229834
4.615,-0.00229907
4.616,-0.00229979
4.617,-0.00230051
4.618,-0.00230123
4.619,-0.00230195
4.62,-0.00230266
4.621,-0.00230338
4.622,-0.00230409
4.623,-0.0023048
4.624,-0.0023055
4.625,-0.00230621
4.626,-0.00230691
4.627,-0.00230761
4.628,-0.0023083
4.629,-0.002309
4.63,-0.00230969
4.631,-0.00231038
4.632,-0.00231107
4.633,-0.00231176
4.634,-0.00231244
4.635,-0.00231312
4.636,-0.0023138
4.637,-0.00231448
4.638,-0.00231515
4.639,-0.00231583
4.64,-0.0023165
4.641,-0.00231717
4.642,-0.00231783
4.643,-0.00231849
4.644,-0.00231916
4.645,-0.00231982
4.646,-0.00232047
4.647,-0.00232113
4.648,-0.00232178
4.649,-0.00232243
4.65,-0.00232308
4.651,-0.00232372
4.652,-0.00232437
4.653,-0.00232501
4.654,-0.00232565
4.655,-0.00232628
4.656,-0.00232692
4.657,-0.00232755
4.658,-0.00232818
4.659,-0.00232881
4.66,-0.00232943
4.661,-0.00233006
4.662,-0.00233068
4.663,-0.0023313
4.664,-0.00233191
4.665,-0.00233253
4.666,-0.00233314
4.667,-0.00233375
4.668,-0.00233435
4.669,-0.00233496
4.67,-0.00233556
4.671,-0.00233616
4.672,-0.00233676
4.673,-0.00233735
4.674,-0.00233795
4.675,-0.00233854
4.676,-0.00233913
4.677,-0.00233971
4.678,-0.0023403
4.679,-0.00234088
4.68,-0.00234146
4.681,-0.00234204
4.682,-0.00234261
4.683,-0.00234318
4.684,-0.00234375
4.685,-0.00234432
4.686,-0.00234489
4.687,-0.00234545
4.688,-0.00234601
4.689,-0.00234657
4.69,-0.00234713
4.691,-0.00234768
4.692,-0.00234823
4.693,-0.00234878
4.694,-0.00234933
4.695,-0.00234987
4.696,-0.00235042
4.697,-0.00235096
4.698,-0.00235149
4.699,-0.00235203
4.7,-0.00235256
4.701,-0.00235309
4.702,-0.00235362
4.703,-0.00235415
4.704,-0.00235467
4.705,-0.00235519
4.706,-0.00235571
4.707,-0.00235623
4.708,-0.00235674
4.709,-0.00235725
4.71,-0.00235776
4.711,-0.00235827
4.712,-0.00235878
4.713,-0.00235928
4.714,-0.00235978
4.715,-0.00236028
4.716,-0.00236077
4.717,-0.00236126
4.718,-0.00236176
4.719,-0.00236224
4.72,-0.00236273
4.721,-0.00236321
4.722,-0.00236369
4.723,-0.00236417
4.724,-0.00236465
4.725,-0.00236512
4.726,-0.0023656
4.727,-0.00236606
4.728,-0.00236653
4.729,-0.002367
4.73,-0.00236746
4.731,-0.00236792
4.732,-0.00236838
4.733,-0.00236883
4.734,-0.00236928
4.735,-0.00236973
4.736,-0.00237018
4.737,-0.00237063
4.738,-0.00237107
4.739,-0.00237151
4.74,-0.00237195
4.741,-0.00237238
4.742,-0.00237282
4.743,-0.00237325
4.744,-0.00237368
4.745,-0.0023741
4.746,-0.00237453
4.747,-0.00237495
4.748,-0.00237537
4.749,-0.00237579
4.75,-0.0023762
4.751,-0.00237661
4.752,-0.00237702
4.753,-0.00237743
4.754,-0.00237783
4.755,-0.00237823
4.756,-0.00237863
4.757,-0.00237903
4.758,-0.00237943
4.759,-0.00237982
4.76,-0.00238021
4.761,-0.0023806
4.762,-0.00238098
4.763,-0.00238136
4.764,-0.00238174
4.765,-0.00238212
4.766,-0.0023825
4.767,-0.00238287
4.768,-0.00238324
4.769,-0.00238361
4.77,-0.00238398
4.771,-0.00238434
4.772,-0.0023847
4.773,-0.00238506
4.774,-0.00238541
4.775,-0.00238577
4.776,-0.00238612
4.777,-0.00238647
4.778,-0.00238681
4.779,-0.00238716
4.78,-0.0023875
4.781,-0.00238784
4.782,-0.00238817
4.783,-0.00238851
4.784,-0.00238884
4.785,-0.00238917
4.786,-0.00238949
4.787,-0.00238982
4.788,-0.00239014
4.789,-0.00239046
4.79,-0.00239078
4.791,-0.00239109
4.792,-0.0023914
4.793,-0.00239171
4.794,-0.00239202
4.795,-0.00239232
4.796,-0.00239262
4.797,-0.00239292
4.798,-0.00239322
4.799,-0.00239351
4.8,-0.00239381
4.801,-0.00239409
4.802,-0.00239438
4.803,-0.00239467
4.804,-0.00239495
4.805,-0.00239523
4.806,-0.0023955
4.807,-0.00239578
4.808,-0.00239605
4.809,-0.00239632
4.81,-0.00239659
4.811,-0.00239685
4.812,-0.00239711
4.813,-0.00239737
4.814,-0.00239763
4.815,-0.00239789
4.816,-0.00239814
4.817,-0.00239839
4.818,-0.00239863
4.819,-0.00239888
4.82,-0.00239912
4.821,-0.00239936
4.822,-0.0023996
4.823,-0.00239983
4.824,-0.00240006
4.825,-0.00240029
4.826,-0.00240052
4.827,-0.00240074
4.828,-0.00240097
4.829,-0.00240119
4.83,-0.0024014
4.831,-0.00240162
4.832,-0.00240183
4.833,-0.00240204
4.834,-0.00240225
4.835,-0.00240245
4.836,-0.00240265
4.837,-0.00240285
4.838,-0.00240305
4.839,-0.00240324
4.84,-0.00240343
4.841,-0.00240362
4.842,-0.00240381
4.843,-0.00240399
4.844,-0.00240418
4.845,-0.00240435
4.846,-0.00240453
4.847,-0.0024047
4.848,-0.00240488
4.849,-0.00240504
4.85,-0.00240521
4.851,-0.00240538
4.852,-0.00240554
4.853,-0.0024057
4.854,-0.00240585
4.855,-0.002406
4.856,-0.00240616
4.857,-0.0024063
4.858,-0.00240645
4.859,-0.00240659
4.86,-0.00240673
4.861,-0.00240687
4.862,-0.00240701
4.863,-0.00240714
4.864,-0.00240727
4.865,-0.0024074
4.866,-0.00240753
4.867,-0.00240765
4.868,-0.00240777
4.869,-0.00240789
4.87,-0.002408
4.871,-0.00240812
4.872,-0.00240823
4.873,-0.00240833
4.874,-0.00240844
4.875,-0.00240854
4.876,-0.00240864
4.877,-0.00240874
4.878,-0.00240883
4.879,-0.00240892
4.88,-0.00240901
4.881,-0.0024091
4.882,-0.00240919
4.883,-0.00240927
4.884,-0.00240935
4.885,-0.00240942
4.886,-0.0024095
4.887,-0.00240957
4.888,-0.00240964
4.889,-0.0024097
4.89,-0.00240977
4.891,-0.00240983
4.892,-0.00240989
4.893,-0.00240994
4.894,-0.00241
4.895,-0.00241005
4.896,-0.0024101
4.897,-0.00241014
4.898,-0.00241019
4.899,-0.00241023
4.9,-0.00241026
4.901,-0.0024103
4.902,-0.00241033
4.903,-0.00241036
4.904,-0.00241039
4.905,-0.00241041
4.906,-0.00241044
4.907,-0.00241046
4.908,-0.00241047
4.909,-0.00241049
4.91,-0.0024105
4.911,-0.00241051
4.912,-0.00241052
4.913,-0.00241052
4.914,-0.00241052
4.915,-0.00241052
4.916,-0.00241052
4.917,-0.00241051
4.918,-0.0024105
4.919,-0.00241049
4.92,-0.00241048
4.921,-0.00241046
4.922,-0.00241044
4.923,-0.00241042
4.924,-0.00241039
4.925,-0.00241036
4.926,-0.00241033
4.927,-0.0024103
4.928,-0.00241027
4.929,-0.00241023
4.93,-0.00241019
4.931,-0.00241015
4.932,-0.0024101
4.933,-0.00241005
4.934,-0.00241
4.935,-0.00240995
4.936,-0.00240989
4.937,-0.00240983
4.938,-0.00240977
4.939,-0.00240971
4.94,-0.00240964
4.941,-0.00240957
4.942,-0.0024095
4.943,-0.00240942
4.944,-0.00240935
4.945,-0.00240927
4.946,-0.00240918
4.947,-0.0024091
4.948,-0.00240901
4.949,-0.00240892
4.95,-0.00240883
4.951,-0.00240873
4.952,-0.00240863
4.953,-0.00240853
4.954,-0.00240843
4.955,-0.00240832
4.956,-0.00240821
4.957,-0.0024081
4.958,-0.00240799
4.959,-0.00240787
4.96,-0.00240775
4.961,-0.00240763
4.962,-0.0024075
4.963,-0.00240738
4.964,-0.00240725
4.965,-0.00240711
4.966,-0.00240698
4.967,-0.00240684
4.968,-0.0024067
4.969,-0.00240655
4.97,-0.00240641
4.971,-0.00240626
4.972,-0.00240611
4.973,-0.00240595
4.974,-0.0024058
4.975,-0.00240564
4.976,-0.00240548
4.977,-0.00240531
4.978,-0.00240514
4.979,-0.00240497
4.98,-0.0024048
4.981,-0.00240462
4.982,-0.00240445
4.983,-0.00240427
4.984,-0.00240408
4.985,-0.0024039
4.986,-0.00240371
4.987,-0.00240352
4.988,-0.00240332
4.989,-0.00240312
4.99,-0.00240293
4.991,-0.00240272
4.992,-0.00240252
4.993,-0.00240231
4.994,-0.0024021
4.995,-0.00240189
4.996,-0.00240167
4.997,-0.00240145
4.998,-0.00240123
4.999,-0.00240101
5,-0.00240078
