0,0
0.001,8.45678e-18
0.002,1.69136e-17
0.003,2.51535e-17
0.004,3.38271e-17
0.005,4.16334e-17
0.006,4.94396e-17
0.007,5.81132e-17
0.008,6.59195e-17
0.009,7.63278e-17
0.01,8.50015e-17
0.011,9.54098e-17
0.012,1.04083e-16
0.013,1.12757e-16
0.014,1.21431e-16
0.015,1.30104e-16
0.016,1.42247e-16
0.017,1.49186e-16
0.018,1.56125e-16
0.019,1.66533e-16
0.02,1.73472e-16
0.021,1.83881e-16
0.022,1.94289e-16
0.023,2.01228e-16
0.024,2.11636e-16
0.025,2.22045e-16
0.026,2.32453e-16
0.027,2.39392e-16
0.028,2.498e-16
0.029,2.60209e-16
0.03,2.70617e-16
0.031,2.77556e-16
0.032,2.91434e-16
0.033,2.98372e-16
0.034,3.1225e-16
0.035,3.19189e-16
0.036,3.26128e-16
0.037,3.40006e-16
0.038,3.46945e-16
0.039,3.53884e-16
0.04,3.67761e-16
0.041,3.81639e-16
0.042,3.81639e-16
0.043,3.95517e-16
0.044,4.02456e-16
0.045,4.09395e-16
0.046,4.16334e-16
0.047,4.23273e-16
0.048,4.3715e-16
0.049,4.44089e-16
0.05,4.51028e-16
0.051,4.57967e-16
0.052,4.71845e-16
0.053,4.78784e-16
0.054,4.85723e-16
0.055,4.92661e-16
0.056,5.06539e-16
0.057,5.13478e-16
0.058,5.20417e-16
0.059,5.34295e-16
0.06,5.41234e-16
0.061,5.48173e-16
0.062,5.55112e-16
0.063,5.55112e-16
0.064,5.68989e-16
0.065,5.82867e-16
0.066,5.96745e-16
0.067,6.10623e-16
0.068,6.10623e-16
0.069,6.245e-16
0.07,6.245e-16
0.071,6.245e-16
0.072,6.38378e-16
0.073,6.52256e-16
0.074,6.52256e-16
0.075,6.66134e-16
0.076,6.66134e-16
0.077,6.80012e-16
0.078,6.93889e-16
0.079,7.07767e-16
0.08,7.21645e-16
0.081,7.35523e-16
0.082,7.35523e-16
0.083,7.49401e-16
0.084,7.63278e-16
0.085,7.63278e-16
0.086,7.77156e-16
0.087,7.91034e-16
0.088,8.04912e-16
0.089,8.04912e-16
0.09,8.04912e-16
0.091,8.18789e-16
0.092,8.18789e-16
0.093,8.32667e-16
0.094,8.46545e-16
0.095,8.60423e-16
0.096,8.60423e-16
0.097,8.74301e-16
0.098,8.88178e-16
0.099,9.02056e-16
0.1,9.02056e-16
0.101,9.15934e-16
0.102,9.15934e-16
0.103,9.29812e-16
0.104,9.4369e-16
0.105,9.4369e-16
0.106,9.57567e-16
0.107,9.57567e-16
0.108,9.71445e-16
0.109,9.71445e-16
0.11,9.85323e-16
0.111,9.99201e-16
0.112,1.01308e-15
0.113,1.01308e-15
0.114,1.02696e-15
0.115,1.04083e-15
0.116,1.04083e-15
0.117,1.04083e-15
0.118,1.05471e-15
0.119,1.05471e-15
0.12,1.06859e-15
0.121,1.06859e-15
0.122,1.06859e-15
0.123,1.06859e-15
0.124,1.08247e-15
0.125,1.08247e-15
0.126,1.08247e-15
0.127,1.11022e-15
0.128,1.11022e-15
0.129,1.11022e-15
0.13,1.11022e-15
0.131,1.13798e-15
0.132,1.13798e-15
0.133,1.13798e-15
0.134,1.16573e-15
0.135,1.16573e-15
0.136,1.19349e-15
0.137,1.19349e-15
0.138,1.19349e-15
0.139,1.19349e-15
0.14,1.19349e-15
0.141,1.19349e-15
0.142,1.22125e-15
0.143,1.22125e-15
0.144,1.22125e-15
0.145,1.22125e-15
0.146,1.22125e-15
0.147,1.22125e-15
0.148,1.249e-15
0.149,1.249e-15
0.15,1.27676e-15
0.151,1.30451e-15
0.152,1.27676e-15
0.153,1.30451e-15
0.154,1.30451e-15
0.155,1.30451e-15
0.156,1.33227e-15
0.157,1.33227e-15
0.158,1.36002e-15
0.159,1.36002e-15
0.16,1.38778e-15
0.161,1.38778e-15
0.162,1.41553e-15
0.163,1.41553e-15
0.164,1.41553e-15
0.165,1.44329e-15
0.166,1.47105e-15
0.167,1.47105e-15
0.168,1.4988e-15
0.169,1.4988e-15
0.17,1.52656e-15
0.171,1.52656e-15
0.172,1.52656e-15
0.173,1.55431e-15
0.174,1.55431e-15
0.175,1.58207e-15
0.176,1.58207e-15
0.177,1.60982e-15
0.178,1.60982e-15
0.179,1.60982e-15
0.18,1.63758e-15
0.181,1.63758e-15
0.182,1.63758e-15
0.183,1.63758e-15
0.184,1.66533e-15
0.185,1.69309e-15
0.186,1.69309e-15
0.187,1.69309e-15
0.188,1.69309e-15
0.189,1.72085e-15
0.19,1.72085e-15
0.191,1.72085e-15
0.192,1.7486e-15
0.193,1.77636e-15
0.194,1.77636e-15
0.195,1.77636e-15
0.196,1.77636e-15
0.197,1.77636e-15
0.198,1.77636e-15
0.199,1.80411e-15
0.2,1.80411e-15
0.201,1.83187e-15
0.202,1.85962e-15
0.203,1.85962e-15
0.204,1.85962e-15
0.205,1.85962e-15
0.206,1.85962e-15
0.207,1.85962e-15
0.208,1.88738e-15
0.209,1.88738e-15
0.21,1.88738e-15
0.211,1.91513e-15
0.212,1.91513e-15
0.213,1.91513e-15
0.214,1.91513e-15
0.215,1.94289e-15
0.216,1.94289e-15
0.217,1.94289e-15
0.218,1.94289e-15
0.219,1.97065e-15
0.22,1.97065e-15
0.221,1.9984e-15
0.222,1.9984e-15
0.223,2.02616e-15
0.224,2.02616e-15
0.225,2.02616e-15
0.226,2.02616e-15
0.227,2.02616e-15
0.228,2.05391e-15
0.229,2.08167e-15
0.23,2.10942e-15
0.231,2.10942e-15
0.232,2.08167e-15
0.233,2.10942e-15
0.234,2.10942e-15
0.235,2.13718e-15
0.236,2.13718e-15
0.237,2.13718e-15
0.238,2.16493e-15
0.239,2.16493e-15
0.24,2.16493e-15
0.241,2.16493e-15
0.242,2.16493e-15
0.243,2.19269e-15
0.244,2.19269e-15
0.245,2.19269e-15
0.246,2.22045e-15
0.247,2.22045e-15
0.248,2.2482e-15
0.249,2.2482e-15
0.25,2.2482e-15
0.251,2.2482e-15
0.252,2.27596e-15
0.253,2.27596e-15
0.254,2.27596e-15
0.255,2.27596e-15
0.256,2.33147e-15
0.257,2.33147e-15
0.258,2.33147e-15
0.259,2.27596e-15
0.26,2.33147e-15
0.261,2.33147e-15
0.262,2.33147e-15
0.263,2.38698e-15
0.264,2.38698e-15
0.265,2.33147e-15
0.266,2.38698e-15
0.267,2.38698e-15
0.268,2.38698e-15
0.269,2.38698e-15
0.27,2.38698e-15
0.271,2.38698e-15
0.272,2.33147e-15
0.273,2.38698e-15
0.274,2.44249e-15
0.275,2.44249e-15
0.276,2.44249e-15
0.277,2.44249e-15
0.278,2.44249e-15
0.279,2.44249e-15
0.28,2.44249e-15
0.281,2.44249e-15
0.282,2.498e-15
0.283,2.498e-15
0.284,2.498e-15
0.285,2.55351e-15
0.286,2.55351e-15
0.287,2.498e-15
0.288,2.55351e-15
0.289,2.55351e-15
0.29,2.55351e-15
0.291,2.55351e-15
0.292,2.60902e-15
0.293,2.60902e-15
0.294,2.60902e-15
0.295,2.66454e-15
0.296,2.66454e-15
0.297,2.66454e-15
0.298,2.72005e-15
0.299,2.77556e-15
0.3,2.77556e-15
0.301,2.77556e-15
0.302,2.77556e-15
0.303,2.77556e-15
0.304,2.77556e-15
0.305,2.77556e-15
0.306,2.77556e-15
0.307,2.77556e-15
0.308,2.77556e-15
0.309,2.83107e-15
0.31,2.83107e-15
0.311,2.83107e-15
0.312,2.83107e-15
0.313,2.83107e-15
0.314,2.83107e-15
0.315,2.83107e-15
0.316,2.83107e-15
0.317,2.83107e-15
0.318,2.83107e-15
0.319,2.83107e-15
0.32,2.83107e-15
0.321,2.88658e-15
0.322,2.88658e-15
0.323,2.88658e-15
0.324,2.88658e-15
0.325,2.88658e-15
0.326,2.88658e-15
0.327,2.88658e-15
0.328,2.88658e-15
0.329,2.88658e-15
0.33,2.94209e-15
0.331,2.88658e-15
0.332,2.88658e-15
0.333,2.94209e-15
0.334,2.94209e-15
0.335,2.88658e-15
0.336,2.94209e-15
0.337,2.94209e-15
0.338,2.94209e-15
0.339,2.9976e-15
0.34,2.9976e-15
0.341,2.9976e-15
0.342,3.05311e-15
0.343,3.05311e-15
0.344,3.05311e-15
0.345,3.05311e-15
0.346,3.05311e-15
0.347,3.05311e-15
0.348,3.05311e-15
0.349,3.05311e-15
0.35,3.05311e-15
0.351,3.10862e-15
0.352,3.10862e-15
0.353,3.05311e-15
0.354,3.10862e-15
0.355,3.05311e-15
0.356,3.05311e-15
0.357,3.05311e-15
0.358,3.05311e-15
0.359,3.10862e-15
0.36,3.10862e-15
0.361,3.16414e-15
0.362,3.16414e-15
0.363,3.16414e-15
0.364,3.16414e-15
0.365,3.16414e-15
0.366,3.16414e-15
0.367,3.21965e-15
0.368,3.21965e-15
0.369,3.21965e-15
0.37,3.21965e-15
0.371,3.27516e-15
0.372,3.27516e-15
0.373,3.27516e-15
0.374,3.27516e-15
0.375,3.27516e-15
0.376,3.33067e-15
0.377,3.27516e-15
0.378,3.33067e-15
0.379,3.33067e-15
0.38,3.33067e-15
0.381,3.33067e-15
0.382,3.33067e-15
0.383,3.38618e-15
0.384,3.38618e-15
0.385,3.38618e-15
0.386,3.38618e-15
0.387,3.44169e-15
0.388,3.44169e-15
0.389,3.38618e-15
0.39,3.44169e-15
0.391,3.44169e-15
0.392,3.4972e-15
0.393,3.4972e-15
0.394,3.55271e-15
0.395,3.55271e-15
0.396,3.55271e-15
0.397,3.55271e-15
0.398,3.4972e-15
0.399,3.55271e-15
0.4,3.4972e-15
0.401,3.55271e-15
0.402,3.55271e-15
0.403,3.55271e-15
0.404,3.55271e-15
0.405,3.55271e-15
0.406,3.55271e-15
0.407,3.55271e-15
0.408,3.55271e-15
0.409,3.55271e-15
0.41,3.55271e-15
0.411,3.60822e-15
0.412,3.60822e-15
0.413,3.60822e-15
0.414,3.60822e-15
0.415,3.60822e-15
0.416,3.66374e-15
0.417,3.66374e-15
0.418,3.66374e-15
0.419,3.66374e-15
0.42,3.71925e-15
0.421,3.71925e-15
0.422,3.71925e-15
0.423,3.71925e-15
0.424,3.71925e-15
0.425,3.71925e-15
0.426,3.66374e-15
0.427,3.66374e-15
0.428,3.66374e-15
0.429,3.66374e-15
0.43,3.66374e-15
0.431,3.66374e-15
0.432,3.71925e-15
0.433,3.71925e-15
0.434,3.71925e-15
0.435,3.77476e-15
0.436,3.77476e-15
0.437,3.71925e-15
0.438,3.71925e-15
0.439,3.77476e-15
0.44,3.71925e-15
0.441,3.77476e-15
0.442,3.77476e-15
0.443,3.77476e-15
0.444,3.77476e-15
0.445,3.77476e-15
0.446,3.77476e-15
0.447,3.77476e-15
0.448,3.77476e-15
0.449,3.83027e-15
0.45,3.77476e-15
0.451,3.77476e-15
0.452,3.77476e-15
0.453,3.77476e-15
0.454,3.83027e-15
0.455,3.77476e-15
0.456,3.83027e-15
0.457,3.77476e-15
0.458,3.77476e-15
0.459,3.83027e-15
0.46,3.77476e-15
0.461,3.77476e-15
0.462,3.77476e-15
0.463,3.83027e-15
0.464,3.83027e-15
0.465,3.83027e-15
0.466,3.83027e-15
0.467,3.83027e-15
0.468,3.83027e-15
0.469,3.83027e-15
0.47,3.83027e-15
0.471,3.83027e-15
0.472,3.83027e-15
0.473,3.83027e-15
0.474,3.83027e-15
0.475,3.83027e-15
0.476,3.83027e-15
0.477,3.83027e-15
0.478,3.83027e-15
0.479,3.88578e-15
0.48,3.88578e-15
0.481,3.88578e-15
0.482,3.83027e-15
0.483,3.83027e-15
0.484,3.83027e-15
0.485,3.83027e-15
0.486,3.83027e-15
0.487,3.83027e-15
0.488,3.88578e-15
0.489,3.88578e-15
0.49,3.88578e-15
0.491,3.94129e-15
0.492,3.88578e-15
0.493,3.94129e-15
0.494,3.94129e-15
0.495,3.94129e-15
0.496,3.94129e-15
0.497,3.88578e-15
0.498,3.88578e-15
0.499,3.88578e-15
0.5,3.83027e-15
0.501,3.83027e-15
0.502,3.83027e-15
0.503,3.83027e-15
0.504,3.88578e-15
0.505,3.88578e-15
0.506,3.88578e-15
0.507,3.88578e-15
0.508,3.88578e-15
0.509,3.88578e-15
0.51,3.94129e-15
0.511,3.94129e-15
0.512,3.9968e-15
0.513,3.9968e-15
0.514,3.9968e-15
0.515,3.9968e-15
0.516,3.9968e-15
0.517,3.9968e-15
0.518,3.9968e-15
0.519,3.9968e-15
0.52,3.9968e-15
0.521,3.9968e-15
0.522,3.94129e-15
0.523,3.94129e-15
0.524,3.9968e-15
0.525,3.9968e-15
0.526,3.9968e-15
0.527,3.88578e-15
0.528,3.9968e-15
0.529,3.9968e-15
0.53,3.9968e-15
0.531,3.9968e-15
0.532,3.9968e-15
0.533,3.9968e-15
0.534,3.9968e-15
0.535,3.9968e-15
0.536,3.9968e-15
0.537,3.9968e-15
0.538,3.9968e-15
0.539,3.9968e-15
0.54,3.9968e-15
0.541,3.9968e-15
0.542,3.9968e-15
0.543,3.9968e-15
0.544,4.10783e-15
0.545,3.9968e-15
0.546,4.10783e-15
0.547,4.10783e-15
0.548,4.10783e-15
0.549,4.10783e-15
0.55,4.10783e-15
0.551,4.10783e-15
0.552,4.10783e-15
0.553,4.21885e-15
0.554,4.21885e-15
0.555,4.21885e-15
0.556,4.21885e-15
0.557,4.32987e-15
0.558,4.32987e-15
0.559,4.32987e-15
0.56,4.32987e-15
0.561,4.32987e-15
0.562,4.32987e-15
0.563,4.21885e-15
0.564,4.32987e-15
0.565,4.32987e-15
0.566,4.32987e-15
0.567,4.32987e-15
0.568,4.44089e-15
0.569,4.44089e-15
0.57,4.32987e-15
0.571,4.32987e-15
0.572,4.32987e-15
0.573,4.21885e-15
0.574,4.32987e-15
0.575,4.32987e-15
0.576,4.32987e-15
0.577,4.32987e-15
0.578,4.32987e-15
0.579,4.32987e-15
0.58,4.32987e-15
0.581,4.32987e-15
0.582,4.32987e-15
0.583,4.32987e-15
0.584,4.32987e-15
0.585,4.32987e-15
0.586,4.32987e-15
0.587,4.32987e-15
0.588,4.32987e-15
0.589,4.32987e-15
0.59,4.32987e-15
0.591,4.32987e-15
0.592,4.44089e-15
0.593,4.44089e-15
0.594,4.44089e-15
0.595,4.44089e-15
0.596,4.44089e-15
0.597,4.44089e-15
0.598,4.44089e-15
0.599,4.44089e-15
0.6,4.44089e-15
0.601,4.44089e-15
0.602,4.44089e-15
0.603,4.44089e-15
0.604,4.44089e-15
0.605,4.44089e-15
0.606,4.44089e-15
0.607,4.44089e-15
0.608,4.32987e-15
0.609,4.32987e-15
0.61,4.32987e-15
0.611,4.32987e-15
0.612,4.32987e-15
0.613,4.32987e-15
0.614,4.32987e-15
0.615,4.21885e-15
0.616,4.21885e-15
0.617,4.21885e-15
0.618,4.21885e-15
0.619,4.21885e-15
0.62,4.21885e-15
0.621,4.21885e-15
0.622,4.21885e-15
0.623,4.32987e-15
0.624,4.32987e-15
0.625,4.32987e-15
0.626,4.32987e-15
0.627,4.32987e-15
0.628,4.32987e-15
0.629,4.32987e-15
0.63,4.32987e-15
0.631,4.44089e-15
0.632,4.44089e-15
0.633,4.55191e-15
0.634,4.44089e-15
0.635,4.44089e-15
0.636,4.55191e-15
0.637,4.55191e-15
0.638,4.55191e-15
0.639,4.55191e-15
0.64,4.66294e-15
0.641,4.66294e-15
0.642,4.66294e-15
0.643,4.77396e-15
0.644,4.77396e-15
0.645,4.77396e-15
0.646,4.77396e-15
0.647,4.77396e-15
0.648,4.66294e-15
0.649,4.77396e-15
0.65,4.66294e-15
0.651,4.77396e-15
0.652,4.77396e-15
0.653,4.77396e-15
0.654,4.77396e-15
0.655,4.88498e-15
0.656,4.88498e-15
0.657,4.88498e-15
0.658,4.88498e-15
0.659,4.88498e-15
0.66,4.88498e-15
0.661,4.88498e-15
0.662,4.88498e-15
0.663,4.996e-15
0.664,4.996e-15
0.665,4.996e-15
0.666,4.996e-15
0.667,4.996e-15
0.668,4.996e-15
0.669,4.996e-15
0.67,4.996e-15
0.671,4.996e-15
0.672,4.996e-15
0.673,4.996e-15
0.674,5.10703e-15
0.675,5.10703e-15
0.676,5.10703e-15
0.677,5.21805e-15
0.678,5.21805e-15
0.679,5.21805e-15
0.68,5.21805e-15
0.681,5.10703e-15
0.682,5.21805e-15
0.683,5.21805e-15
0.684,5.21805e-15
0.685,5.32907e-15
0.686,5.21805e-15
0.687,5.21805e-15
0.688,5.32907e-15
0.689,5.32907e-15
0.69,5.32907e-15
0.691,5.32907e-15
0.692,5.32907e-15
0.693,5.32907e-15
0.694,5.32907e-15
0.695,5.32907e-15
0.696,5.32907e-15
0.697,5.32907e-15
0.698,5.32907e-15
0.699,5.32907e-15
0.7,5.32907e-15
0.701,5.32907e-15
0.702,5.32907e-15
0.703,5.32907e-15
0.704,5.21805e-15
0.705,5.32907e-15
0.706,5.32907e-15
0.707,5.44009e-15
0.708,5.32907e-15
0.709,5.44009e-15
0.71,5.32907e-15
0.711,5.44009e-15
0.712,5.32907e-15
0.713,5.32907e-15
0.714,5.44009e-15
0.715,5.44009e-15
0.716,5.44009e-15
0.717,5.55112e-15
0.718,5.44009e-15
0.719,5.44009e-15
0.72,5.44009e-15
0.721,5.44009e-15
0.722,5.44009e-15
0.723,5.32907e-15
0.724,5.32907e-15
0.725,5.44009e-15
0.726,5.44009e-15
0.727,5.44009e-15
0.728,5.44009e-15
0.729,5.55112e-15
0.73,5.44009e-15
0.731,5.44009e-15
0.732,5.55112e-15
0.733,5.55112e-15
0.734,5.55112e-15
0.735,5.55112e-15
0.736,5.55112e-15
0.737,5.44009e-15
0.738,5.44009e-15
0.739,5.44009e-15
0.74,5.55112e-15
0.741,5.55112e-15
0.742,5.66214e-15
0.743,5.66214e-15
0.744,5.66214e-15
0.745,5.66214e-15
0.746,5.66214e-15
0.747,5.66214e-15
0.748,5.66214e-15
0.749,5.66214e-15
0.75,5.66214e-15
0.751,5.66214e-15
0.752,5.66214e-15
0.753,5.55112e-15
0.754,5.66214e-15
0.755,5.55112e-15
0.756,5.66214e-15
0.757,5.66214e-15
0.758,5.66214e-15
0.759,5.66214e-15
0.76,5.66214e-15
0.761,5.66214e-15
0.762,5.77316e-15
0.763,5.77316e-15
0.764,5.66214e-15
0.765,5.66214e-15
0.766,5.77316e-15
0.767,5.77316e-15
0.768,5.77316e-15
0.769,5.77316e-15
0.77,5.77316e-15
0.771,5.77316e-15
0.772,5.77316e-15
0.773,5.77316e-15
0.774,5.77316e-15
0.775,5.77316e-15
0.776,5.66214e-15
0.777,5.66214e-15
0.778,5.66214e-15
0.779,5.66214e-15
0.78,5.55112e-15
0.781,5.55112e-15
0.782,5.55112e-15
0.783,5.55112e-15
0.784,5.55112e-15
0.785,5.55112e-15
0.786,5.66214e-15
0.787,5.55112e-15
0.788,5.66214e-15
0.789,5.66214e-15
0.79,5.55112e-15
0.791,5.55112e-15
0.792,5.55112e-15
0.793,5.66214e-15
0.794,5.66214e-15
0.795,5.66214e-15
0.796,5.66214e-15
0.797,5.66214e-15
0.798,5.66214e-15
0.799,5.55112e-15
0.8,5.66214e-15
0.801,5.77316e-15
0.802,5.66214e-15
0.803,5.66214e-15
0.804,5.66214e-15
0.805,5.66214e-15
0.806,5.66214e-15
0.807,5.66214e-15
0.808,5.55112e-15
0.809,5.66214e-15
0.81,5.66214e-15
0.811,5.66214e-15
0.812,5.77316e-15
0.813,5.77316e-15
0.814,5.77316e-15
0.815,5.77316e-15
0.816,5.77316e-15
0.817,5.88418e-15
0.818,5.88418e-15
0.819,5.9952e-15
0.82,5.88418e-15
0.821,5.9952e-15
0.822,5.88418e-15
0.823,5.9952e-15
0.824,5.9952e-15
0.825,5.88418e-15
0.826,5.88418e-15
0.827,5.9952e-15
0.828,5.9952e-15
0.829,5.9952e-15
0.83,5.9952e-15
0.831,5.9952e-15
0.832,5.9952e-15
0.833,6.10623e-15
0.834,6.10623e-15
0.835,6.10623e-15
0.836,5.9952e-15
0.837,6.10623e-15
0.838,5.9952e-15
0.839,5.9952e-15
0.84,6.10623e-15
0.841,5.9952e-15
0.842,5.9952e-15
0.843,5.9952e-15
0.844,5.9952e-15
0.845,6.10623e-15
0.846,5.9952e-15
0.847,6.10623e-15
0.848,5.88418e-15
0.849,5.9952e-15
0.85,5.9952e-15
0.851,5.88418e-15
0.852,5.9952e-15
0.853,5.9952e-15
0.854,6.10623e-15
0.855,5.9952e-15
0.856,5.9952e-15
0.857,5.9952e-15
0.858,5.9952e-15
0.859,5.9952e-15
0.86,5.9952e-15
0.861,5.9952e-15
0.862,5.9952e-15
0.863,5.88418e-15
0.864,5.9952e-15
0.865,5.88418e-15
0.866,5.88418e-15
0.867,5.88418e-15
0.868,5.9952e-15
0.869,5.88418e-15
0.87,5.9952e-15
0.871,5.88418e-15
0.872,5.88418e-15
0.873,5.88418e-15
0.874,5.88418e-15
0.875,5.9952e-15
0.876,5.88418e-15
0.877,5.88418e-15
0.878,5.88418e-15
0.879,5.88418e-15
0.88,5.9952e-15
0.881,5.9952e-15
0.882,5.9952e-15
0.883,5.9952e-15
0.884,5.9952e-15
0.885,5.9952e-15
0.886,5.9952e-15
0.887,5.9952e-15
0.888,6.10623e-15
0.889,5.9952e-15
0.89,6.10623e-15
0.891,6.10623e-15
0.892,6.10623e-15
0.893,6.10623e-15
0.894,6.10623e-15
0.895,6.10623e-15
0.896,6.10623e-15
0.897,6.10623e-15
0.898,6.21725e-15
0.899,6.21725e-15
0.9,6.10623e-15
0.901,6.10623e-15
0.902,6.10623e-15
0.903,6.10623e-15
0.904,6.21725e-15
0.905,6.10623e-15
0.906,6.21725e-15
0.907,6.10623e-15
0.908,6.10623e-15
0.909,6.10623e-15
0.91,6.10623e-15
0.911,5.9952e-15
0.912,6.10623e-15
0.913,6.10623e-15
0.914,5.9952e-15
0.915,6.10623e-15
0.916,6.10623e-15
0.917,6.10623e-15
0.918,6.10623e-15
0.919,6.21725e-15
0.92,6.21725e-15
0.921,6.21725e-15
0.922,6.10623e-15
0.923,6.10623e-15
0.924,6.10623e-15
0.925,6.10623e-15
0.926,5.9952e-15
0.927,5.9952e-15
0.928,6.10623e-15
0.929,5.9952e-15
0.93,5.9952e-15
0.931,5.9952e-15
0.932,5.9952e-15
0.933,5.88418e-15
0.934,5.88418e-15
0.935,5.88418e-15
0.936,5.9952e-15
0.937,5.88418e-15
0.938,5.9952e-15
0.939,5.9952e-15
0.94,5.88418e-15
0.941,5.88418e-15
0.942,5.88418e-15
0.943,5.77316e-15
0.944,5.88418e-15
0.945,5.77316e-15
0.946,5.77316e-15
0.947,5.77316e-15
0.948,5.77316e-15
0.949,5.77316e-15
0.95,5.66214e-15
0.951,5.77316e-15
0.952,5.77316e-15
0.953,5.77316e-15
0.954,5.77316e-15
0.955,5.77316e-15
0.956,5.77316e-15
0.957,5.77316e-15
0.958,5.88418e-15
0.959,5.88418e-15
0.96,5.88418e-15
0.961,5.77316e-15
0.962,5.77316e-15
0.963,5.66214e-15
0.964,5.66214e-15
0.965,5.66214e-15
0.966,5.66214e-15
0.967,5.55112e-15
0.968,5.55112e-15
0.969,5.66214e-15
0.97,5.55112e-15
0.971,5.55112e-15
0.972,5.66214e-15
0.973,5.66214e-15
0.974,5.66214e-15
0.975,5.66214e-15
0.976,5.77316e-15
0.977,5.66214e-15
0.978,5.66214e-15
0.979,5.66214e-15
0.98,5.77316e-15
0.981,5.77316e-15
0.982,5.66214e-15
0.983,5.77316e-15
0.984,5.66214e-15
0.985,5.77316e-15
0.986,5.66214e-15
0.987,5.66214e-15
0.988,5.66214e-15
0.989,5.66214e-15
0.99,5.66214e-15
0.991,5.77316e-15
0.992,5.77316e-15
0.993,5.77316e-15
0.994,5.77316e-15
0.995,5.77316e-15
0.996,5.77316e-15
0.997,5.77316e-15
0.998,5.77316e-15
0.999,5.77316e-15
1,5.77316e-15
1.001,5.66214e-15
1.002,5.55112e-15
1.003,5.44009e-15
1.004,5.44009e-15
1.005,5.32907e-15
1.006,5.21805e-15
1.007,5.21805e-15
1.008,5.21805e-15
1.009,5.10703e-15
1.01,5.10703e-15
1.011,4.996e-15
1.012,4.996e-15
1.013,4.88498e-15
1.014,4.77396e-15
1.015,4.77396e-15
1.016,4.66294e-15
1.017,4.55191e-15
1.018,4.44089e-15
1.019,4.44089e-15
1.02,4.32987e-15
1.021,4.21885e-15
1.022,4.21885e-15
1.023,4.10783e-15
1.024,4.10783e-15
1.025,3.9968e-15
1.026,3.9968e-15
1.027,3.88578e-15
1.028,3.88578e-15
1.029,3.88578e-15
1.03,3.77476e-15
1.031,3.66374e-15
1.032,3.55271e-15
1.033,3.44169e-15
1.034,3.44169e-15
1.035,3.33067e-15
1.036,3.33067e-15
1.037,3.33067e-15
1.038,3.21965e-15
1.039,3.21965e-15
1.04,3.21965e-15
1.041,3.10862e-15
1.042,3.10862e-15
1.043,2.9976e-15
1.044,2.88658e-15
1.045,2.88658e-15
1.046,2.77556e-15
1.047,2.77556e-15
1.048,2.66454e-15
1.049,2.55351e-15
1.05,2.44249e-15
1.051,2.44249e-15
1.052,2.22045e-15
1.053,2.22045e-15
1.054,2.22045e-15
1.055,2.22045e-15
1.056,2.10942e-15
1.057,1.9984e-15
1.058,1.9984e-15
1.059,1.88738e-15
1.06,1.77636e-15
1.061,1.88738e-15
1.062,1.77636e-15
1.063,1.66533e-15
1.064,1.66533e-15
1.065,1.66533e-15
1.066,1.55431e-15
1.067,1.55431e-15
1.068,1.55431e-15
1.069,1.55431e-15
1.07,1.44329e-15
1.071,1.33227e-15
1.072,1.33227e-15
1.073,1.22125e-15
1.074,1.22125e-15
1.075,1.22125e-15
1.076,1.11022e-15
1.077,1.11022e-15
1.078,1.11022e-15
1.079,9.99201e-16
1.08,9.99201e-16
1.081,8.88178e-16
1.082,8.88178e-16
1.083,7.77156e-16
1.084,7.77156e-16
1.085,6.66134e-16
1.086,6.66134e-16
1.087,6.66134e-16
1.088,5.55112e-16
1.089,5.55112e-16
1.09,4.44089e-16
1.091,4.44089e-16
1.092,3.33067e-16
1.093,3.33067e-16
1.094,2.22045e-16
1.095,1.11022e-16
1.096,1.11022e-16
1.097,0
1.098,1.11022e-16
1.099,1.11022e-16
1.1,2.22045e-16
1.101,2.22045e-16
1.102,3.33067e-16
1.103,3.33067e-16
1.104,4.44089e-16
1.105,5.55112e-16
1.106,5.55112e-16
1.107,6.66134e-16
1.108,6.66134e-16
1.109,7.77156e-16
1.11,7.77156e-16
1.111,7.77156e-16
1.112,7.77156e-16
1.113,7.77156e-16
1.114,8.88178e-16
1.115,8.88178e-16
1.116,9.99201e-16
1.117,9.99201e-16
1.118,9.99201e-16
1.119,9.99201e-16
1.12,9.99201e-16
1.121,1.11022e-15
1.122,1.11022e-15
1.123,1.22125e-15
1.124,1.22125e-15
1.125,1.33227e-15
1.126,1.44329e-15
1.127,1.33227e-15
1.128,1.44329e-15
1.129,1.55431e-15
1.13,1.66533e-15
1.131,1.66533e-15
1.132,1.66533e-15
1.133,1.66533e-15
1.134,1.66533e-15
1.135,1.66533e-15
1.136,1.77636e-15
1.137,1.77636e-15
1.138,1.88738e-15
1.139,1.88738e-15
1.14,1.88738e-15
1.141,1.88738e-15
1.142,1.88738e-15
1.143,1.9984e-15
1.144,1.9984e-15
1.145,2.10942e-15
1.146,2.10942e-15
1.147,2.22045e-15
1.148,2.33147e-15
1.149,2.33147e-15
1.15,2.44249e-15
1.151,2.44249e-15
1.152,2.44249e-15
1.153,2.44249e-15
1.154,2.44249e-15
1.155,2.55351e-15
1.156,2.55351e-15
1.157,2.66454e-15
1.158,2.77556e-15
1.159,2.77556e-15
1.16,2.77556e-15
1.161,2.77556e-15
1.162,2.88658e-15
1.163,2.88658e-15
1.164,2.88658e-15
1.165,2.9976e-15
1.166,2.9976e-15
1.167,2.9976e-15
1.168,2.9976e-15
1.169,3.10862e-15
1.17,3.21965e-15
1.171,3.21965e-15
1.172,3.21965e-15
1.173,3.21965e-15
1.174,3.33067e-15
1.175,3.33067e-15
1.176,3.33067e-15
1.177,3.44169e-15
1.178,3.55271e-15
1.179,3.55271e-15
1.18,3.44169e-15
1.181,3.55271e-15
1.182,3.66374e-15
1.183,3.66374e-15
1.184,3.66374e-15
1.185,3.77476e-15
1.186,3.77476e-15
1.187,3.88578e-15
1.188,3.88578e-15
1.189,3.88578e-15
1.19,3.88578e-15
1.191,3.88578e-15
1.192,3.9968e-15
1.193,3.9968e-15
1.194,3.9968e-15
1.195,3.9968e-15
1.196,3.9968e-15
1.197,4.10783e-15
1.198,3.9968e-15
1.199,4.10783e-15
1.2,4.10783e-15
1.201,4.10783e-15
1.202,4.10783e-15
1.203,4.10783e-15
1.204,4.21885e-15
1.205,4.21885e-15
1.206,4.21885e-15
1.207,4.21885e-15
1.208,4.10783e-15
1.209,4.21885e-15
1.21,4.21885e-15
1.211,4.10783e-15
1.212,4.21885e-15
1.213,4.21885e-15
1.214,4.32987e-15
1.215,4.32987e-15
1.216,4.44089e-15
1.217,4.32987e-15
1.218,4.32987e-15
1.219,4.44089e-15
1.22,4.44089e-15
1.221,4.44089e-15
1.222,4.44089e-15
1.223,4.44089e-15
1.224,4.44089e-15
1.225,4.44089e-15
1.226,4.55191e-15
1.227,4.55191e-15
1.228,4.55191e-15
1.229,4.55191e-15
1.23,4.55191e-15
1.231,4.55191e-15
1.232,4.66294e-15
1.233,4.66294e-15
1.234,4.55191e-15
1.235,4.66294e-15
1.236,4.66294e-15
1.237,4.66294e-15
1.238,4.66294e-15
1.239,4.77396e-15
1.24,4.77396e-15
1.241,4.77396e-15
1.242,4.77396e-15
1.243,4.88498e-15
1.244,4.88498e-15
1.245,4.88498e-15
1.246,4.996e-15
1.247,4.996e-15
1.248,4.996e-15
1.249,4.996e-15
1.25,4.996e-15
1.251,4.996e-15
1.252,4.996e-15
1.253,4.996e-15
1.254,4.996e-15
1.255,5.10703e-15
1.256,5.10703e-15
1.257,5.10703e-15
1.258,5.21805e-15
1.259,5.21805e-15
1.26,5.21805e-15
1.261,5.21805e-15
1.262,5.32907e-15
1.263,5.32907e-15
1.264,5.32907e-15
1.265,5.32907e-15
1.266,5.32907e-15
1.267,5.44009e-15
1.268,5.44009e-15
1.269,5.44009e-15
1.27,5.44009e-15
1.271,5.44009e-15
1.272,5.44009e-15
1.273,5.44009e-15
1.274,5.44009e-15
1.275,5.44009e-15
1.276,5.44009e-15
1.277,5.44009e-15
1.278,5.44009e-15
1.279,5.44009e-15
1.28,5.44009e-15
1.281,5.44009e-15
1.282,5.55112e-15
1.283,5.55112e-15
1.284,5.55112e-15
1.285,5.66214e-15
1.286,5.66214e-15
1.287,5.66214e-15
1.288,5.66214e-15
1.289,5.66214e-15
1.29,5.66214e-15
1.291,5.66214e-15
1.292,5.66214e-15
1.293,5.66214e-15
1.294,5.66214e-15
1.295,5.77316e-15
1.296,5.66214e-15
1.297,5.66214e-15
1.298,5.66214e-15
1.299,5.66214e-15
1.3,5.77316e-15
1.301,5.77316e-15
1.302,5.77316e-15
1.303,5.77316e-15
1.304,5.77316e-15
1.305,5.77316e-15
1.306,5.77316e-15
1.307,5.77316e-15
1.308,5.77316e-15
1.309,5.88418e-15
1.31,5.77316e-15
1.311,5.77316e-15
1.312,5.77316e-15
1.313,5.77316e-15
1.314,5.66214e-15
1.315,5.66214e-15
1.316,5.66214e-15
1.317,5.66214e-15
1.318,5.55112e-15
1.319,5.66214e-15
1.32,5.66214e-15
1.321,5.66214e-15
1.322,5.66214e-15
1.323,5.66214e-15
1.324,5.77316e-15
1.325,5.77316e-15
1.326,5.66214e-15
1.327,5.77316e-15
1.328,5.77316e-15
1.329,5.77316e-15
1.33,5.77316e-15
1.331,5.77316e-15
1.332,5.66214e-15
1.333,5.66214e-15
1.334,5.66214e-15
1.335,5.77316e-15
1.336,5.66214e-15
1.337,5.66214e-15
1.338,5.66214e-15
1.339,5.77316e-15
1.34,5.77316e-15
1.341,5.77316e-15
1.342,5.77316e-15
1.343,5.77316e-15
1.344,5.77316e-15
1.345,5.77316e-15
1.346,5.77316e-15
1.347,5.88418e-15
1.348,5.77316e-15
1.349,5.77316e-15
1.35,5.88418e-15
1.351,5.77316e-15
1.352,5.77316e-15
1.353,5.77316e-15
1.354,5.88418e-15
1.355,5.88418e-15
1.356,5.88418e-15
1.357,5.88418e-15
1.358,5.88418e-15
1.359,5.9952e-15
1.36,5.88418e-15
1.361,5.88418e-15
1.362,5.88418e-15
1.363,5.88418e-15
1.364,5.88418e-15
1.365,5.77316e-15
1.366,5.77316e-15
1.367,5.88418e-15
1.368,5.77316e-15
1.369,5.77316e-15
1.37,5.77316e-15
1.371,5.66214e-15
1.372,5.66214e-15
1.373,5.66214e-15
1.374,5.66214e-15
1.375,5.66214e-15
1.376,5.66214e-15
1.377,5.55112e-15
1.378,5.55112e-15
1.379,5.66214e-15
1.38,5.66214e-15
1.381,5.66214e-15
1.382,5.66214e-15
1.383,5.66214e-15
1.384,5.66214e-15
1.385,5.66214e-15
1.386,5.66214e-15
1.387,5.66214e-15
1.388,5.66214e-15
1.389,5.66214e-15
1.39,5.66214e-15
1.391,5.66214e-15
1.392,5.66214e-15
1.393,5.66214e-15
1.394,5.66214e-15
1.395,5.66214e-15
1.396,5.66214e-15
1.397,5.66214e-15
1.398,5.55112e-15
1.399,5.55112e-15
1.4,5.55112e-15
1.401,5.55112e-15
1.402,5.55112e-15
1.403,5.55112e-15
1.404,5.55112e-15
1.405,5.55112e-15
1.406,5.55112e-15
1.407,5.55112e-15
1.408,5.55112e-15
1.409,5.44009e-15
1.41,5.44009e-15
1.411,5.44009e-15
1.412,5.44009e-15
1.413,5.55112e-15
1.414,5.44009e-15
1.415,5.44009e-15
1.416,5.44009e-15
1.417,5.44009e-15
1.418,5.44009e-15
1.419,5.44009e-15
1.42,5.44009e-15
1.421,5.44009e-15
1.422,5.44009e-15
1.423,5.44009e-15
1.424,5.32907e-15
1.425,5.44009e-15
1.426,5.32907e-15
1.427,5.32907e-15
1.428,5.32907e-15
1.429,5.32907e-15
1.43,5.32907e-15
1.431,5.21805e-15
1.432,5.21805e-15
1.433,5.21805e-15
1.434,5.21805e-15
1.435,5.21805e-15
1.436,5.21805e-15
1.437,5.21805e-15
1.438,5.10703e-15
1.439,5.10703e-15
1.44,5.10703e-15
1.441,4.996e-15
1.442,4.996e-15
1.443,4.996e-15
1.444,5.10703e-15
1.445,4.996e-15
1.446,4.88498e-15
1.447,4.88498e-15
1.448,4.88498e-15
1.449,4.77396e-15
1.45,4.77396e-15
1.451,4.66294e-15
1.452,4.66294e-15
1.453,4.66294e-15
1.454,4.66294e-15
1.455,4.55191e-15
1.456,4.55191e-15
1.457,4.55191e-15
1.458,4.44089e-15
1.459,4.44089e-15
1.46,4.44089e-15
1.461,4.44089e-15
1.462,4.44089e-15
1.463,4.44089e-15
1.464,4.32987e-15
1.465,4.32987e-15
1.466,4.32987e-15
1.467,4.21885e-15
1.468,4.21885e-15
1.469,4.21885e-15
1.47,4.21885e-15
1.471,4.21885e-15
1.472,4.21885e-15
1.473,4.10783e-15
1.474,4.21885e-15
1.475,4.10783e-15
1.476,4.10783e-15
1.477,4.10783e-15
1.478,4.10783e-15
1.479,4.10783e-15
1.48,4.10783e-15
1.481,4.10783e-15
1.482,4.10783e-15
1.483,3.9968e-15
1.484,3.88578e-15
1.485,3.88578e-15
1.486,3.77476e-15
1.487,3.77476e-15
1.488,3.77476e-15
1.489,3.77476e-15
1.49,3.77476e-15
1.491,3.66374e-15
1.492,3.66374e-15
1.493,3.55271e-15
1.494,3.55271e-15
1.495,3.55271e-15
1.496,3.55271e-15
1.497,3.55271e-15
1.498,3.55271e-15
1.499,3.55271e-15
1.5,3.55271e-15
1.501,3.55271e-15
1.502,3.55271e-15
1.503,3.55271e-15
1.504,3.44169e-15
1.505,3.55271e-15
1.506,3.44169e-15
1.507,3.44169e-15
1.508,3.44169e-15
1.509,3.33067e-15
1.51,3.33067e-15
1.511,3.33067e-15
1.512,3.21965e-15
1.513,3.10862e-15
1.514,3.10862e-15
1.515,2.9976e-15
1.516,2.9976e-15
1.517,2.9976e-15
1.518,2.88658e-15
1.519,2.88658e-15
1.52,2.88658e-15
1.521,2.88658e-15
1.522,2.88658e-15
1.523,2.88658e-15
1.524,2.88658e-15
1.525,2.88658e-15
1.526,2.77556e-15
1.527,2.77556e-15
1.528,2.77556e-15
1.529,2.66454e-15
1.53,2.66454e-15
1.531,2.66454e-15
1.532,2.66454e-15
1.533,2.66454e-15
1.534,2.55351e-15
1.535,2.55351e-15
1.536,2.44249e-15
1.537,2.33147e-15
1.538,2.22045e-15
1.539,2.22045e-15
1.54,2.10942e-15
1.541,2.10942e-15
1.542,1.9984e-15
1.543,1.9984e-15
1.544,1.9984e-15
1.545,1.88738e-15
1.546,1.77636e-15
1.547,1.77636e-15
1.548,1.66533e-15
1.549,1.66533e-15
1.55,1.55431e-15
1.551,1.55431e-15
1.552,1.55431e-15
1.553,1.44329e-15
1.554,1.44329e-15
1.555,1.33227e-15
1.556,1.33227e-15
1.557,1.22125e-15
1.558,1.22125e-15
1.559,1.11022e-15
1.56,1.11022e-15
1.561,1.11022e-15
1.562,9.99201e-16
1.563,9.99201e-16
1.564,9.99201e-16
1.565,8.88178e-16
1.566,8.88178e-16
1.567,8.88178e-16
1.568,8.88178e-16
1.569,7.77156e-16
1.57,6.66134e-16
1.571,6.66134e-16
1.572,6.66134e-16
1.573,5.55112e-16
1.574,5.55112e-16
1.575,4.44089e-16
1.576,3.33067e-16
1.577,2.22045e-16
1.578,2.22045e-16
1.579,1.11022e-16
1.58,1.11022e-16
1.581,1.11022e-16
1.582,1.11022e-16
1.583,1.11022e-16
1.584,0
1.585,0
1.586,1.11022e-16
1.587,1.11022e-16
1.588,1.11022e-16
1.589,2.22045e-16
1.59,2.22045e-16
1.591,3.33067e-16
1.592,4.44089e-16
1.593,4.44089e-16
1.594,4.44089e-16
1.595,4.44089e-16
1.596,5.55112e-16
1.597,5.55112e-16
1.598,5.55112e-16
1.599,6.66134e-16
1.6,6.66134e-16
1.601,7.77156e-16
1.602,7.77156e-16
1.603,7.77156e-16
1.604,8.88178e-16
1.605,9.99201e-16
1.606,1.11022e-15
1.607,1.11022e-15
1.608,1.22125e-15
1.609,1.22125e-15
1.61,1.33227e-15
1.611,1.33227e-15
1.612,1.44329e-15
1.613,1.44329e-15
1.614,1.55431e-15
1.615,1.55431e-15
1.616,1.66533e-15
1.617,1.66533e-15
1.618,1.66533e-15
1.619,1.77636e-15
1.62,1.77636e-15
1.621,1.88738e-15
1.622,1.88738e-15
1.623,1.9984e-15
1.624,1.9984e-15
1.625,1.9984e-15
1.626,1.9984e-15
1.627,2.10942e-15
1.628,2.10942e-15
1.629,2.22045e-15
1.63,2.33147e-15
1.631,2.33147e-15
1.632,2.44249e-15
1.633,2.55351e-15
1.634,2.55351e-15
1.635,2.55351e-15
1.636,2.55351e-15
1.637,2.66454e-15
1.638,2.77556e-15
1.639,2.77556e-15
1.64,2.77556e-15
1.641,2.88658e-15
1.642,2.88658e-15
1.643,2.9976e-15
1.644,2.9976e-15
1.645,2.9976e-15
1.646,3.10862e-15
1.647,3.10862e-15
1.648,3.21965e-15
1.649,3.21965e-15
1.65,3.33067e-15
1.651,3.44169e-15
1.652,3.55271e-15
1.653,3.66374e-15
1.654,3.66374e-15
1.655,3.66374e-15
1.656,3.77476e-15
1.657,3.88578e-15
1.658,3.9968e-15
1.659,3.9968e-15
1.66,4.10783e-15
1.661,4.10783e-15
1.662,4.21885e-15
1.663,4.32987e-15
1.664,4.32987e-15
1.665,4.32987e-15
1.666,4.44089e-15
1.667,4.55191e-15
1.668,4.55191e-15
1.669,4.66294e-15
1.67,4.66294e-15
1.671,4.66294e-15
1.672,4.77396e-15
1.673,4.88498e-15
1.674,4.88498e-15
1.675,4.88498e-15
1.676,4.88498e-15
1.677,4.996e-15
1.678,5.10703e-15
1.679,5.10703e-15
1.68,5.21805e-15
1.681,5.32907e-15
1.682,5.32907e-15
1.683,5.44009e-15
1.684,5.44009e-15
1.685,5.44009e-15
1.686,5.55112e-15
1.687,5.66214e-15
1.688,5.66214e-15
1.689,5.77316e-15
1.69,5.77316e-15
1.691,5.77316e-15
1.692,5.88418e-15
1.693,5.9952e-15
1.694,5.9952e-15
1.695,6.10623e-15
1.696,6.10623e-15
1.697,6.21725e-15
1.698,6.32827e-15
1.699,6.32827e-15
1.7,6.43929e-15
1.701,6.43929e-15
1.702,6.55032e-15
1.703,6.66134e-15
1.704,6.77236e-15
1.705,6.88338e-15
1.706,6.88338e-15
1.707,6.99441e-15
1.708,6.99441e-15
1.709,7.10543e-15
1.71,7.21645e-15
1.711,7.32747e-15
1.712,7.43849e-15
1.713,7.54952e-15
1.714,7.54952e-15
1.715,7.66054e-15
1.716,7.77156e-15
1.717,7.77156e-15
1.718,7.88258e-15
1.719,7.88258e-15
1.72,7.99361e-15
1.721,8.10463e-15
1.722,8.10463e-15
1.723,8.21565e-15
1.724,8.21565e-15
1.725,8.21565e-15
1.726,8.32667e-15
1.727,8.43769e-15
1.728,8.54872e-15
1.729,8.54872e-15
1.73,8.65974e-15
1.731,8.77076e-15
1.732,8.88178e-15
1.733,8.88178e-15
1.734,8.99281e-15
1.735,8.99281e-15
1.736,9.10383e-15
1.737,9.21485e-15
1.738,9.32587e-15
1.739,9.32587e-15
1.74,9.4369e-15
1.741,9.4369e-15
1.742,9.54792e-15
1.743,9.54792e-15
1.744,9.65894e-15
1.745,9.65894e-15
1.746,9.76996e-15
1.747,9.76996e-15
1.748,9.88098e-15
1.749,1.0103e-14
1.75,1.0103e-14
1.751,1.02141e-14
1.752,1.03251e-14
1.753,1.04361e-14
1.754,1.05471e-14
1.755,1.06581e-14
1.756,1.07692e-14
1.757,1.08802e-14
1.758,1.09912e-14
1.759,1.11022e-14
1.76,1.12133e-14
1.761,1.12133e-14
1.762,1.13243e-14
1.763,1.14353e-14
1.764,1.15463e-14
1.765,1.15463e-14
1.766,1.16573e-14
1.767,1.18794e-14
1.768,1.18794e-14
1.769,1.19904e-14
1.77,1.19904e-14
1.771,1.19904e-14
1.772,1.21014e-14
1.773,1.21014e-14
1.774,1.23235e-14
1.775,1.23235e-14
1.776,1.25455e-14
1.777,1.26565e-14
1.778,1.26565e-14
1.779,1.27676e-14
1.78,1.28786e-14
1.781,1.28786e-14
1.782,1.29896e-14
1.783,1.29896e-14
1.784,1.31006e-14
1.785,1.32117e-14
1.786,1.33227e-14
1.787,1.34337e-14
1.788,1.35447e-14
1.789,1.36557e-14
1.79,1.37668e-14
1.791,1.37668e-14
1.792,1.38778e-14
1.793,1.39888e-14
1.794,1.40998e-14
1.795,1.42109e-14
1.796,1.44329e-14
1.797,1.44329e-14
1.798,1.45439e-14
1.799,1.46549e-14
1.8,1.46549e-14
1.801,1.4766e-14
1.802,1.4877e-14
1.803,1.4877e-14
1.804,1.4988e-14
1.805,1.5099e-14
1.806,1.52101e-14
1.807,1.53211e-14
1.808,1.53211e-14
1.809,1.54321e-14
1.81,1.54321e-14
1.811,1.56541e-14
1.812,1.56541e-14
1.813,1.58762e-14
1.814,1.58762e-14
1.815,1.59872e-14
1.816,1.59872e-14
1.817,1.60982e-14
1.818,1.62093e-14
1.819,1.63203e-14
1.82,1.64313e-14
1.821,1.65423e-14
1.822,1.66533e-14
1.823,1.67644e-14
1.824,1.67644e-14
1.825,1.68754e-14
1.826,1.70974e-14
1.827,1.72085e-14
1.828,1.73195e-14
1.829,1.74305e-14
1.83,1.75415e-14
1.831,1.76525e-14
1.832,1.77636e-14
1.833,1.77636e-14
1.834,1.78746e-14
1.835,1.79856e-14
1.836,1.80966e-14
1.837,1.82077e-14
1.838,1.82077e-14
1.839,1.83187e-14
1.84,1.85407e-14
1.841,1.86517e-14
1.842,1.87628e-14
1.843,1.88738e-14
1.844,1.88738e-14
1.845,1.90958e-14
1.846,1.92069e-14
1.847,1.93179e-14
1.848,1.94289e-14
1.849,1.95399e-14
1.85,1.96509e-14
1.851,1.9762e-14
1.852,1.9873e-14
1.853,1.9984e-14
1.854,2.0095e-14
1.855,2.02061e-14
1.856,2.03171e-14
1.857,2.04281e-14
1.858,2.04281e-14
1.859,2.05391e-14
1.86,2.07612e-14
1.861,2.08722e-14
1.862,2.09832e-14
1.863,2.10942e-14
1.864,2.12053e-14
1.865,2.13163e-14
1.866,2.14273e-14
1.867,2.15383e-14
1.868,2.16493e-14
1.869,2.17604e-14
1.87,2.18714e-14
1.871,2.19824e-14
1.872,2.20934e-14
1.873,2.22045e-14
1.874,2.23155e-14
1.875,2.23155e-14
1.876,2.24265e-14
1.877,2.25375e-14
1.878,2.26485e-14
1.879,2.26485e-14
1.88,2.27596e-14
1.881,2.28706e-14
1.882,2.29816e-14
1.883,2.30926e-14
1.884,2.32037e-14
1.885,2.33147e-14
1.886,2.33147e-14
1.887,2.34257e-14
1.888,2.35367e-14
1.889,2.36478e-14
1.89,2.37588e-14
1.891,2.39808e-14
1.892,2.40918e-14
1.893,2.42029e-14
1.894,2.43139e-14
1.895,2.43139e-14
1.896,2.44249e-14
1.897,2.45359e-14
1.898,2.4647e-14
1.899,2.4869e-14
1.9,2.498e-14
1.901,2.5091e-14
1.902,2.52021e-14
1.903,2.52021e-14
1.904,2.53131e-14
1.905,2.54241e-14
1.906,2.55351e-14
1.907,2.56462e-14
1.908,2.57572e-14
1.909,2.58682e-14
1.91,2.59792e-14
1.911,2.59792e-14
1.912,2.62013e-14
1.913,2.63123e-14
1.914,2.64233e-14
1.915,2.66454e-14
1.916,2.67564e-14
1.917,2.68674e-14
1.918,2.69784e-14
1.919,2.70894e-14
1.92,2.72005e-14
1.921,2.74225e-14
1.922,2.75335e-14
1.923,2.76446e-14
1.924,2.77556e-14
1.925,2.78666e-14
1.926,2.79776e-14
1.927,2.80886e-14
1.928,2.83107e-14
1.929,2.83107e-14
1.93,2.85327e-14
1.931,2.86438e-14
1.932,2.87548e-14
1.933,2.88658e-14
1.934,2.89768e-14
1.935,2.90878e-14
1.936,2.91989e-14
1.937,2.93099e-14
1.938,2.94209e-14
1.939,2.95319e-14
1.94,2.9643e-14
1.941,2.9754e-14
1.942,2.9865e-14
1.943,2.9976e-14
1.944,3.0087e-14
1.945,3.01981e-14
1.946,3.03091e-14
1.947,3.04201e-14
1.948,3.05311e-14
1.949,3.06422e-14
1.95,3.06422e-14
1.951,3.08642e-14
1.952,3.09752e-14
1.953,3.10862e-14
1.954,3.11973e-14
1.955,3.13083e-14
1.956,3.14193e-14
1.957,3.15303e-14
1.958,3.16414e-14
1.959,3.18634e-14
1.96,3.19744e-14
1.961,3.20854e-14
1.962,3.21965e-14
1.963,3.23075e-14
1.964,3.24185e-14
1.965,3.25295e-14
1.966,3.26406e-14
1.967,3.26406e-14
1.968,3.28626e-14
1.969,3.29736e-14
1.97,3.30846e-14
1.971,3.31957e-14
1.972,3.33067e-14
1.973,3.34177e-14
1.974,3.35287e-14
1.975,3.36398e-14
1.976,3.38618e-14
1.977,3.39728e-14
1.978,3.40838e-14
1.979,3.43059e-14
1.98,3.45279e-14
1.981,3.4639e-14
1.982,3.4639e-14
1.983,3.4861e-14
1.984,3.4972e-14
1.985,3.5083e-14
1.986,3.53051e-14
1.987,3.54161e-14
1.988,3.55271e-14
1.989,3.56382e-14
1.99,3.57492e-14
1.991,3.59712e-14
1.992,3.60822e-14
1.993,3.61933e-14
1.994,3.63043e-14
1.995,3.63043e-14
1.996,3.64153e-14
1.997,3.65263e-14
1.998,3.66374e-14
1.999,3.67484e-14
2,3.68594e-14
2.001,3.68594e-14
2.002,3.70814e-14
2.003,3.71925e-14
2.004,3.73035e-14
2.005,3.74145e-14
2.006,3.75255e-14
2.007,3.76366e-14
2.008,3.77476e-14
2.009,3.79696e-14
2.01,3.80806e-14
2.011,3.83027e-14
2.012,3.84137e-14
2.013,3.85247e-14
2.014,3.86358e-14
2.015,3.88578e-14
2.016,3.89688e-14
2.017,3.90799e-14
2.018,3.91909e-14
2.019,3.93019e-14
2.02,3.94129e-14
2.021,3.95239e-14
2.022,3.9635e-14
2.023,3.9746e-14
2.024,3.9968e-14
2.025,3.9968e-14
2.026,4.01901e-14
2.027,4.03011e-14
2.028,4.04121e-14
2.029,4.05231e-14
2.03,4.06342e-14
2.031,4.08562e-14
2.032,4.10783e-14
2.033,4.11893e-14
2.034,4.13003e-14
2.035,4.14113e-14
2.036,4.15223e-14
2.037,4.16334e-14
2.038,4.17444e-14
2.039,4.18554e-14
2.04,4.19664e-14
2.041,4.21885e-14
2.042,4.22995e-14
2.043,4.24105e-14
2.044,4.26326e-14
2.045,4.27436e-14
2.046,4.27436e-14
2.047,4.28546e-14
2.048,4.29656e-14
2.049,4.31877e-14
2.05,4.32987e-14
2.051,4.34097e-14
2.052,4.36318e-14
2.053,4.37428e-14
2.054,4.39648e-14
2.055,4.40759e-14
2.056,4.41869e-14
2.057,4.42979e-14
2.058,4.44089e-14
2.059,4.45199e-14
2.06,4.4631e-14
2.061,4.4742e-14
2.062,4.4964e-14
2.063,4.50751e-14
2.064,4.51861e-14
2.065,4.52971e-14
2.066,4.55191e-14
2.067,4.55191e-14
2.068,4.57412e-14
2.069,4.58522e-14
2.07,4.59632e-14
2.071,4.60743e-14
2.072,4.61853e-14
2.073,4.64073e-14
2.074,4.65183e-14
2.075,4.67404e-14
2.076,4.68514e-14
2.077,4.69624e-14
2.078,4.70735e-14
2.079,4.72955e-14
2.08,4.74065e-14
2.081,4.76286e-14
2.082,4.76286e-14
2.083,4.78506e-14
2.084,4.78506e-14
2.085,4.80727e-14
2.086,4.81837e-14
2.087,4.82947e-14
2.088,4.84057e-14
2.089,4.85167e-14
2.09,4.87388e-14
2.091,4.88498e-14
2.092,4.90719e-14
2.093,4.91829e-14
2.094,4.92939e-14
2.095,4.95159e-14
2.096,4.9627e-14
2.097,4.9738e-14
2.098,4.9849e-14
2.099,5.00711e-14
2.1,5.01821e-14
2.101,5.04041e-14
2.102,5.06262e-14
2.103,5.07372e-14
2.104,5.09592e-14
2.105,5.10703e-14
2.106,5.11813e-14
2.107,5.12923e-14
2.108,5.15143e-14
2.109,5.16254e-14
2.11,5.18474e-14
2.111,5.18474e-14
2.112,5.19584e-14
2.113,5.21805e-14
2.114,5.22915e-14
2.115,5.25135e-14
2.116,5.26246e-14
2.117,5.27356e-14
2.118,5.28466e-14
2.119,5.30687e-14
2.12,5.31797e-14
2.121,5.32907e-14
2.122,5.34017e-14
2.123,5.36238e-14
2.124,5.36238e-14
2.125,5.37348e-14
2.126,5.38458e-14
2.127,5.39568e-14
2.128,5.41789e-14
2.129,5.42899e-14
2.13,5.4512e-14
2.131,5.4623e-14
2.132,5.4734e-14
2.133,5.4956e-14
2.134,5.50671e-14
2.135,5.51781e-14
2.136,5.52891e-14
2.137,5.55112e-14
2.138,5.56222e-14
2.139,5.57332e-14
2.14,5.59552e-14
2.141,5.60663e-14
2.142,5.61773e-14
2.143,5.62883e-14
2.144,5.63993e-14
2.145,5.66214e-14
2.146,5.68434e-14
2.147,5.70655e-14
2.148,5.71765e-14
2.149,5.72875e-14
2.15,5.73985e-14
2.151,5.76206e-14
2.152,5.77316e-14
2.153,5.78426e-14
2.154,5.79536e-14
2.155,5.81757e-14
2.156,5.82867e-14
2.157,5.83977e-14
2.158,5.85088e-14
2.159,5.86198e-14
2.16,5.87308e-14
2.161,5.89528e-14
2.162,5.90639e-14
2.163,5.92859e-14
2.164,5.93969e-14
2.165,5.9508e-14
2.166,5.9619e-14
2.167,5.9841e-14
2.168,5.9952e-14
2.169,6.01741e-14
2.17,6.02851e-14
2.171,6.05072e-14
2.172,6.06182e-14
2.173,6.07292e-14
2.174,6.08402e-14
2.175,6.10623e-14
2.176,6.11733e-14
2.177,6.12843e-14
2.178,6.15064e-14
2.179,6.16174e-14
2.18,6.17284e-14
2.181,6.19504e-14
2.182,6.20615e-14
2.183,6.21725e-14
2.184,6.23945e-14
2.185,6.25056e-14
2.186,6.27276e-14
2.187,6.28386e-14
2.188,6.29496e-14
2.189,6.31717e-14
2.19,6.32827e-14
2.191,6.33937e-14
2.192,6.35048e-14
2.193,6.37268e-14
2.194,6.38378e-14
2.195,6.39488e-14
2.196,6.40599e-14
2.197,6.41709e-14
2.198,6.42819e-14
2.199,6.4504e-14
2.2,6.4615e-14
2.201,6.4726e-14
2.202,6.4948e-14
2.203,6.50591e-14
2.204,6.51701e-14
2.205,6.53921e-14
2.206,6.55032e-14
2.207,6.56142e-14
2.208,6.58362e-14
2.209,6.59472e-14
2.21,6.60583e-14
2.211,6.61693e-14
2.212,6.63913e-14
2.213,6.65024e-14
2.214,6.67244e-14
2.215,6.68354e-14
2.216,6.69464e-14
2.217,6.71685e-14
2.218,6.72795e-14
2.219,6.75016e-14
2.22,6.76126e-14
2.221,6.77236e-14
2.222,6.79456e-14
2.223,6.80567e-14
2.224,6.81677e-14
2.225,6.82787e-14
2.226,6.85008e-14
2.227,6.86118e-14
2.228,6.87228e-14
2.229,6.88338e-14
2.23,6.90559e-14
2.231,6.91669e-14
2.232,6.92779e-14
2.233,6.95e-14
2.234,6.9611e-14
2.235,6.9833e-14
2.236,6.99441e-14
2.237,7.00551e-14
2.238,7.02771e-14
2.239,7.04992e-14
2.24,7.06102e-14
2.241,7.07212e-14
2.242,7.08322e-14
2.243,7.10543e-14
2.244,7.12763e-14
2.245,7.12763e-14
2.246,7.16094e-14
2.247,7.17204e-14
2.248,7.19425e-14
2.249,7.20535e-14
2.25,7.22755e-14
2.251,7.23865e-14
2.252,7.24976e-14
2.253,7.26086e-14
2.254,7.28306e-14
2.255,7.29417e-14
2.256,7.31637e-14
2.257,7.32747e-14
2.258,7.33857e-14
2.259,7.34968e-14
2.26,7.36078e-14
2.261,7.37188e-14
2.262,7.39409e-14
2.263,7.40519e-14
2.264,7.42739e-14
2.265,7.43849e-14
2.266,7.4607e-14
2.267,7.4718e-14
2.268,7.4829e-14
2.269,7.49401e-14
2.27,7.51621e-14
2.271,7.51621e-14
2.272,7.53841e-14
2.273,7.56062e-14
2.274,7.57172e-14
2.275,7.58282e-14
2.276,7.59393e-14
2.277,7.61613e-14
2.278,7.62723e-14
2.279,7.63833e-14
2.28,7.64944e-14
2.281,7.67164e-14
2.282,7.69385e-14
2.283,7.71605e-14
2.284,7.72715e-14
2.285,7.74936e-14
2.286,7.76046e-14
2.287,7.77156e-14
2.288,7.79377e-14
2.289,7.79377e-14
2.29,7.82707e-14
2.291,7.83817e-14
2.292,7.86038e-14
2.293,7.88258e-14
2.294,7.89369e-14
2.295,7.90479e-14
2.296,7.92699e-14
2.297,7.93809e-14
2.298,7.9492e-14
2.299,7.9603e-14
2.3,7.9825e-14
2.301,8.00471e-14
2.302,8.01581e-14
2.303,8.03801e-14
2.304,8.04912e-14
2.305,8.07132e-14
2.306,8.08242e-14
2.307,8.10463e-14
2.308,8.12683e-14
2.309,8.13793e-14
2.31,8.14904e-14
2.311,8.17124e-14
2.312,8.18234e-14
2.313,8.20455e-14
2.314,8.21565e-14
2.315,8.23785e-14
2.316,8.24896e-14
2.317,8.26006e-14
2.318,8.28226e-14
2.319,8.30447e-14
2.32,8.31557e-14
2.321,8.33777e-14
2.322,8.35998e-14
2.323,8.37108e-14
2.324,8.39329e-14
2.325,8.41549e-14
2.326,8.42659e-14
2.327,8.4488e-14
2.328,8.4599e-14
2.329,8.471e-14
2.33,8.49321e-14
2.331,8.50431e-14
2.332,8.52651e-14
2.333,8.53762e-14
2.334,8.55982e-14
2.335,8.57092e-14
2.336,8.58202e-14
2.337,8.61533e-14
2.338,8.63754e-14
2.339,8.64864e-14
2.34,8.65974e-14
2.341,8.68194e-14
2.342,8.69305e-14
2.343,8.71525e-14
2.344,8.72635e-14
2.345,8.73746e-14
2.346,8.77076e-14
2.347,8.79297e-14
2.348,8.80407e-14
2.349,8.81517e-14
2.35,8.82627e-14
2.351,8.84848e-14
2.352,8.87068e-14
2.353,8.88178e-14
2.354,8.90399e-14
2.355,8.90399e-14
2.356,8.92619e-14
2.357,8.9373e-14
2.358,8.9595e-14
2.359,8.9706e-14
2.36,8.99281e-14
2.361,9.00391e-14
2.362,9.02611e-14
2.363,9.04832e-14
2.364,9.05942e-14
2.365,9.07052e-14
2.366,9.09273e-14
2.367,9.10383e-14
2.368,9.11493e-14
2.369,9.13714e-14
2.37,9.15934e-14
2.371,9.18154e-14
2.372,9.19265e-14
2.373,9.21485e-14
2.374,9.22595e-14
2.375,9.24816e-14
2.376,9.27036e-14
2.377,9.28146e-14
2.378,9.30367e-14
2.379,9.31477e-14
2.38,9.32587e-14
2.381,9.34808e-14
2.382,9.35918e-14
2.383,9.38138e-14
2.384,9.39249e-14
2.385,9.40359e-14
2.386,9.42579e-14
2.387,9.4369e-14
2.388,9.4591e-14
2.389,9.4702e-14
2.39,9.4813e-14
2.391,9.50351e-14
2.392,9.51461e-14
2.393,9.53682e-14
2.394,9.54792e-14
2.395,9.57012e-14
2.396,9.58122e-14
2.397,9.60343e-14
2.398,9.61453e-14
2.399,9.63674e-14
2.4,9.65894e-14
2.401,9.67004e-14
2.402,9.69225e-14
2.403,9.70335e-14
2.404,9.72555e-14
2.405,9.74776e-14
2.406,9.75886e-14
2.407,9.76996e-14
2.408,9.79217e-14
2.409,9.80327e-14
2.41,9.82547e-14
2.411,9.84768e-14
2.412,9.85878e-14
2.413,9.88098e-14
2.414,9.89209e-14
2.415,9.91429e-14
2.416,9.9365e-14
2.417,9.9587e-14
2.418,9.9698e-14
2.419,9.99201e-14
2.42,1.00031e-13
2.421,1.00253e-13
2.422,1.00364e-13
2.423,1.00475e-13
2.424,1.00697e-13
2.425,1.00808e-13
2.426,1.0103e-13
2.427,1.01252e-13
2.428,1.01474e-13
2.429,1.01585e-13
2.43,1.01696e-13
2.431,1.01807e-13
2.432,1.01918e-13
2.433,1.02141e-13
2.434,1.02363e-13
2.435,1.02585e-13
2.436,1.02696e-13
2.437,1.02807e-13
2.438,1.03029e-13
2.439,1.0314e-13
2.44,1.03362e-13
2.441,1.03473e-13
2.442,1.03695e-13
2.443,1.03806e-13
2.444,1.04028e-13
2.445,1.04139e-13
2.446,1.04361e-13
2.447,1.04472e-13
2.448,1.04694e-13
2.449,1.04916e-13
2.45,1.05027e-13
2.451,1.05138e-13
2.452,1.0536e-13
2.453,1.05471e-13
2.454,1.05582e-13
2.455,1.05693e-13
2.456,1.05804e-13
2.457,1.06026e-13
2.458,1.06137e-13
2.459,1.06359e-13
2.46,1.06581e-13
2.461,1.06803e-13
2.462,1.06914e-13
2.463,1.07137e-13
2.464,1.07248e-13
2.465,1.0747e-13
2.466,1.07692e-13
2.467,1.07803e-13
2.468,1.07914e-13
2.469,1.08025e-13
2.47,1.08247e-13
2.471,1.08469e-13
2.472,1.08691e-13
2.473,1.08913e-13
2.474,1.09024e-13
2.475,1.09246e-13
2.476,1.09357e-13
2.477,1.09579e-13
2.478,1.0969e-13
2.479,1.09912e-13
2.48,1.10134e-13
2.481,1.10245e-13
2.482,1.10356e-13
2.483,1.10467e-13
2.484,1.10689e-13
2.485,1.10911e-13
2.486,1.11022e-13
2.487,1.11244e-13
2.488,1.11355e-13
2.489,1.11577e-13
2.49,1.11688e-13
2.491,1.1191e-13
2.492,1.12133e-13
2.493,1.12244e-13
2.494,1.12466e-13
2.495,1.12577e-13
2.496,1.12799e-13
2.497,1.13021e-13
2.498,1.13243e-13
2.499,1.13354e-13
2.5,1.13465e-13
2.501,1.13687e-13
2.502,1.13798e-13
2.503,1.1402e-13
2.504,1.14242e-13
2.505,1.14353e-13
2.506,1.14464e-13
2.507,1.14686e-13
2.508,1.14797e-13
2.509,1.15019e-13
2.51,1.1513e-13
2.511,1.15241e-13
2.512,1.15463e-13
2.513,1.15574e-13
2.514,1.15796e-13
2.515,1.15907e-13
2.516,1.16129e-13
2.517,1.1624e-13
2.518,1.16462e-13
2.519,1.16573e-13
2.52,1.16684e-13
2.521,1.16906e-13
2.522,1.17018e-13
2.523,1.1724e-13
2.524,1.17462e-13
2.525,1.17462e-13
2.526,1.17684e-13
2.527,1.17906e-13
2.528,1.18017e-13
2.529,1.18239e-13
2.53,1.18461e-13
2.531,1.18572e-13
2.532,1.18794e-13
2.533,1.19016e-13
2.534,1.19127e-13
2.535,1.19349e-13
2.536,1.19571e-13
2.537,1.19682e-13
2.538,1.19904e-13
2.539,1.20126e-13
2.54,1.20237e-13
2.541,1.20459e-13
2.542,1.2057e-13
2.543,1.20792e-13
2.544,1.20903e-13
2.545,1.21014e-13
2.546,1.21125e-13
2.547,1.21347e-13
2.548,1.21458e-13
2.549,1.2168e-13
2.55,1.21902e-13
2.551,1.22014e-13
2.552,1.22236e-13
2.553,1.22458e-13
2.554,1.22569e-13
2.555,1.22791e-13
2.556,1.22902e-13
2.557,1.23013e-13
2.558,1.23235e-13
2.559,1.23457e-13
2.56,1.23568e-13
2.561,1.2379e-13
2.562,1.23901e-13
2.563,1.24123e-13
2.564,1.24345e-13
2.565,1.24456e-13
2.566,1.24567e-13
2.567,1.24789e-13
2.568,1.249e-13
2.569,1.25122e-13
2.57,1.25233e-13
2.571,1.25455e-13
2.572,1.25566e-13
2.573,1.25788e-13
2.574,1.25899e-13
2.575,1.26121e-13
2.576,1.26343e-13
2.577,1.26454e-13
2.578,1.26676e-13
2.579,1.26787e-13
2.58,1.26898e-13
2.581,1.2701e-13
2.582,1.27232e-13
2.583,1.27454e-13
2.584,1.27676e-13
2.585,1.27787e-13
2.586,1.27898e-13
2.587,1.2812e-13
2.588,1.28231e-13
2.589,1.28453e-13
2.59,1.28675e-13
2.591,1.28786e-13
2.592,1.28897e-13
2.593,1.29119e-13
2.594,1.2923e-13
2.595,1.29341e-13
2.596,1.29452e-13
2.597,1.29674e-13
2.598,1.29896e-13
2.599,1.30007e-13
2.6,1.30229e-13
2.601,1.3034e-13
2.602,1.30562e-13
2.603,1.30673e-13
2.604,1.30895e-13
2.605,1.31117e-13
2.606,1.31228e-13
2.607,1.3145e-13
2.608,1.31561e-13
2.609,1.31783e-13
2.61,1.31894e-13
2.611,1.32117e-13
2.612,1.32339e-13
2.613,1.32561e-13
2.614,1.32672e-13
2.615,1.32894e-13
2.616,1.33116e-13
2.617,1.33227e-13
2.618,1.33449e-13
2.619,1.33671e-13
2.62,1.33782e-13
2.621,1.34004e-13
2.622,1.3417e-13
2.623,1.34337e-13
2.624,1.34504e-13
2.625,1.3467e-13
2.626,1.34837e-13
2.627,1.35003e-13
2.628,1.3517e-13
2.629,1.35336e-13
2.63,1.35503e-13
2.631,1.35669e-13
2.632,1.35836e-13
2.633,1.36002e-13
2.634,1.36169e-13
2.635,1.36335e-13
2.636,1.36502e-13
2.637,1.36668e-13
2.638,1.36835e-13
2.639,1.37002e-13
2.64,1.37113e-13
2.641,1.37279e-13
2.642,1.37446e-13
2.643,1.37668e-13
2.644,1.37779e-13
2.645,1.37945e-13
2.646,1.38167e-13
2.647,1.38278e-13
2.648,1.38445e-13
2.649,1.38611e-13
2.65,1.38778e-13
2.651,1.39e-13
2.652,1.39166e-13
2.653,1.39333e-13
2.654,1.395e-13
2.655,1.39666e-13
2.656,1.39833e-13
2.657,1.39999e-13
2.658,1.4011e-13
2.659,1.40277e-13
2.66,1.40443e-13
2.661,1.40665e-13
2.662,1.40832e-13
2.663,1.40998e-13
2.664,1.41165e-13
2.665,1.41387e-13
2.666,1.41498e-13
2.667,1.41664e-13
2.668,1.41831e-13
2.669,1.41998e-13
2.67,1.42164e-13
2.671,1.42331e-13
2.672,1.42442e-13
2.673,1.42608e-13
2.674,1.4283e-13
2.675,1.42997e-13
2.676,1.43163e-13
2.677,1.4333e-13
2.678,1.43496e-13
2.679,1.43718e-13
2.68,1.43829e-13
2.681,1.44051e-13
2.682,1.44162e-13
2.683,1.44329e-13
2.684,1.44496e-13
2.685,1.44662e-13
2.686,1.44829e-13
2.687,1.44995e-13
2.688,1.45162e-13
2.689,1.45328e-13
2.69,1.45495e-13
2.691,1.45661e-13
2.692,1.45828e-13
2.693,1.45994e-13
2.694,1.46161e-13
2.695,1.46272e-13
2.696,1.46438e-13
2.697,1.46605e-13
2.698,1.46771e-13
2.699,1.46938e-13
2.7,1.47049e-13
2.701,1.47216e-13
2.702,1.47382e-13
2.703,1.47549e-13
2.704,1.47715e-13
2.705,1.47882e-13
2.706,1.48048e-13
2.707,1.48215e-13
2.708,1.48381e-13
2.709,1.48548e-13
2.71,1.48659e-13
2.711,1.48825e-13
2.712,1.48936e-13
2.713,1.49103e-13
2.714,1.49269e-13
2.715,1.49436e-13
2.716,1.49603e-13
2.717,1.49714e-13
2.718,1.4988e-13
2.719,1.49991e-13
2.72,1.50158e-13
2.721,1.5038e-13
2.722,1.50491e-13
2.723,1.50657e-13
2.724,1.50824e-13
2.725,1.5099e-13
2.726,1.51101e-13
2.727,1.51323e-13
2.728,1.5149e-13
2.729,1.51656e-13
2.73,1.51823e-13
2.731,1.5199e-13
2.732,1.52101e-13
2.733,1.52267e-13
2.734,1.52434e-13
2.735,1.52545e-13
2.736,1.52711e-13
2.737,1.52878e-13
2.738,1.53044e-13
2.739,1.53211e-13
2.74,1.53377e-13
2.741,1.53488e-13
2.742,1.53655e-13
2.743,1.53821e-13
2.744,1.53988e-13
2.745,1.54154e-13
2.746,1.54321e-13
2.747,1.54488e-13
2.748,1.54654e-13
2.749,1.54821e-13
2.75,1.54987e-13
2.751,1.55154e-13
2.752,1.5532e-13
2.753,1.55487e-13
2.754,1.55598e-13
2.755,1.55764e-13
2.756,1.55931e-13
2.757,1.56097e-13
2.758,1.56264e-13
2.759,1.5643e-13
2.76,1.56597e-13
2.761,1.56763e-13
2.762,1.56875e-13
2.763,1.57097e-13
2.764,1.57208e-13
2.765,1.57374e-13
2.766,1.57485e-13
2.767,1.57652e-13
2.768,1.57818e-13
2.769,1.57985e-13
2.77,1.58151e-13
2.771,1.58318e-13
2.772,1.58484e-13
2.773,1.58651e-13
2.774,1.58817e-13
2.775,1.58984e-13
2.776,1.59095e-13
2.777,1.59261e-13
2.778,1.59484e-13
2.779,1.59595e-13
2.78,1.59761e-13
2.781,1.59928e-13
2.782,1.60094e-13
2.783,1.60205e-13
2.784,1.60372e-13
2.785,1.60538e-13
2.786,1.60649e-13
2.787,1.60816e-13
2.788,1.60982e-13
2.789,1.61093e-13
2.79,1.6126e-13
2.791,1.61371e-13
2.792,1.61537e-13
2.793,1.61704e-13
2.794,1.61871e-13
2.795,1.62037e-13
2.796,1.62204e-13
2.797,1.62315e-13
2.798,1.62481e-13
2.799,1.62648e-13
2.8,1.62814e-13
2.801,1.62981e-13
2.802,1.63147e-13
2.803,1.63314e-13
2.804,1.63425e-13
2.805,1.63591e-13
2.806,1.63702e-13
2.807,1.63869e-13
2.808,1.6398e-13
2.809,1.64146e-13
2.81,1.64313e-13
2.811,1.6448e-13
2.812,1.64591e-13
2.813,1.64757e-13
2.814,1.64924e-13
2.815,1.65035e-13
2.816,1.65201e-13
2.817,1.65368e-13
2.818,1.65479e-13
2.819,1.6559e-13
2.82,1.65756e-13
2.821,1.65867e-13
2.822,1.66034e-13
2.823,1.66145e-13
2.824,1.66311e-13
2.825,1.66422e-13
2.826,1.66589e-13
2.827,1.66755e-13
2.828,1.66922e-13
2.829,1.67144e-13
2.83,1.67311e-13
2.831,1.67422e-13
2.832,1.67533e-13
2.833,1.67699e-13
2.834,1.6781e-13
2.835,1.68032e-13
2.836,1.68143e-13
2.837,1.68254e-13
2.838,1.68421e-13
2.839,1.68587e-13
2.84,1.68754e-13
2.841,1.68865e-13
2.842,1.69031e-13
2.843,1.69198e-13
2.844,1.69309e-13
2.845,1.69476e-13
2.846,1.69587e-13
2.847,1.69753e-13
2.848,1.69864e-13
2.849,1.69975e-13
2.85,1.70142e-13
2.851,1.70308e-13
2.852,1.70419e-13
2.853,1.70586e-13
2.854,1.70697e-13
2.855,1.70863e-13
2.856,1.7103e-13
2.857,1.71196e-13
2.858,1.71307e-13
2.859,1.71474e-13
2.86,1.71585e-13
2.861,1.71752e-13
2.862,1.71918e-13
2.863,1.72029e-13
2.864,1.72251e-13
2.865,1.72418e-13
2.866,1.72529e-13
2.867,1.72695e-13
2.868,1.72862e-13
2.869,1.73028e-13
2.87,1.73139e-13
2.871,1.73306e-13
2.872,1.73417e-13
2.873,1.73583e-13
2.874,1.7375e-13
2.875,1.73916e-13
2.876,1.74027e-13
2.877,1.74194e-13
2.878,1.74305e-13
2.879,1.74472e-13
2.88,1.74638e-13
2.881,1.74805e-13
2.882,1.74916e-13
2.883,1.75082e-13
2.884,1.75249e-13
2.885,1.75415e-13
2.886,1.75582e-13
2.887,1.75693e-13
2.888,1.75859e-13
2.889,1.76026e-13
2.89,1.76192e-13
2.891,1.76331e-13
2.892,1.76498e-13
2.893,1.76636e-13
2.894,1.76775e-13
2.895,1.76914e-13
2.896,1.77053e-13
2.897,1.77219e-13
2.898,1.77358e-13
2.899,1.77525e-13
2.9,1.77663e-13
2.901,1.77802e-13
2.902,1.77941e-13
2.903,1.7808e-13
2.904,1.78219e-13
2.905,1.78357e-13
2.906,1.78524e-13
2.907,1.78663e-13
2.908,1.78801e-13
2.909,1.7894e-13
2.91,1.79079e-13
2.911,1.79246e-13
2.912,1.79357e-13
2.913,1.79495e-13
2.914,1.79634e-13
2.915,1.79801e-13
2.916,1.79939e-13
2.917,1.80106e-13
2.918,1.80245e-13
2.919,1.80383e-13
2.92,1.80522e-13
2.921,1.80661e-13
2.922,1.808e-13
2.923,1.80966e-13
2.924,1.81105e-13
2.925,1.81244e-13
2.926,1.81383e-13
2.927,1.81521e-13
2.928,1.8166e-13
2.929,1.81799e-13
2.93,1.81938e-13
2.931,1.82104e-13
2.932,1.82243e-13
2.933,1.82382e-13
2.934,1.82521e-13
2.935,1.82659e-13
2.936,1.82798e-13
2.937,1.82937e-13
2.938,1.83076e-13
2.939,1.83215e-13
2.94,1.83353e-13
2.941,1.83492e-13
2.942,1.83631e-13
2.943,1.83742e-13
2.944,1.83881e-13
2.945,1.84019e-13
2.946,1.84158e-13
2.947,1.84297e-13
2.948,1.84436e-13
2.949,1.84575e-13
2.95,1.84713e-13
2.951,1.84852e-13
2.952,1.84991e-13
2.953,1.8513e-13
2.954,1.85268e-13
2.955,1.85407e-13
2.956,1.85546e-13
2.957,1.85685e-13
2.958,1.85824e-13
2.959,1.85935e-13
2.96,1.86073e-13
2.961,1.86184e-13
2.962,1.86323e-13
2.963,1.86462e-13
2.964,1.86628e-13
2.965,1.8674e-13
2.966,1.86878e-13
2.967,1.86989e-13
2.968,1.87128e-13
2.969,1.87267e-13
2.97,1.87406e-13
2.971,1.87544e-13
2.972,1.87683e-13
2.973,1.87822e-13
2.974,1.87933e-13
2.975,1.88072e-13
2.976,1.88211e-13
2.977,1.88322e-13
2.978,1.8846e-13
2.979,1.88599e-13
2.98,1.88738e-13
2.981,1.88877e-13
2.982,1.88988e-13
2.983,1.89154e-13
2.984,1.89265e-13
2.985,1.89404e-13
2.986,1.89515e-13
2.987,1.89654e-13
2.988,1.89793e-13
2.989,1.89904e-13
2.99,1.90042e-13
2.991,1.90153e-13
2.992,1.90292e-13
2.993,1.90431e-13
2.994,1.90542e-13
2.995,1.90653e-13
2.996,1.90792e-13
2.997,1.90931e-13
2.998,1.91069e-13
2.999,1.91208e-13
3,1.91347e-13
3.001,1.91458e-13
3.002,1.91597e-13
3.003,1.91736e-13
3.004,1.91847e-13
3.005,1.91985e-13
3.006,1.92096e-13
3.007,1.92207e-13
3.008,1.92318e-13
3.009,1.92457e-13
3.01,1.92596e-13
3.011,1.92735e-13
3.012,1.92846e-13
3.013,1.92957e-13
3.014,1.93096e-13
3.015,1.93234e-13
3.016,1.93345e-13
3.017,1.93498e-13
3.018,1.93623e-13
3.019,1.93762e-13
3.02,1.93873e-13
3.021,1.94011e-13
3.022,1.94136e-13
3.023,1.94261e-13
3.024,1.94386e-13
3.025,1.94525e-13
3.026,1.9465e-13
3.027,1.94775e-13
3.028,1.949e-13
3.029,1.95025e-13
3.03,1.95149e-13
3.031,1.95274e-13
3.032,1.95399e-13
3.033,1.95524e-13
3.034,1.95649e-13
3.035,1.95774e-13
3.036,1.95899e-13
3.037,1.96024e-13
3.038,1.96135e-13
3.039,1.9626e-13
3.04,1.96398e-13
3.041,1.96523e-13
3.042,1.96648e-13
3.043,1.96759e-13
3.044,1.96884e-13
3.045,1.97009e-13
3.046,1.97148e-13
3.047,1.97259e-13
3.048,1.97398e-13
3.049,1.97509e-13
3.05,1.97634e-13
3.051,1.97745e-13
3.052,1.97869e-13
3.053,1.97994e-13
3.054,1.98105e-13
3.055,1.9823e-13
3.056,1.98341e-13
3.057,1.98466e-13
3.058,1.98591e-13
3.059,1.98702e-13
3.06,1.98827e-13
3.061,1.98952e-13
3.062,1.99063e-13
3.063,1.99188e-13
3.064,1.99299e-13
3.065,1.99424e-13
3.066,1.99535e-13
3.067,1.9966e-13
3.068,1.99785e-13
3.069,1.99896e-13
3.07,2.00007e-13
3.071,2.00132e-13
3.072,2.00256e-13
3.073,2.00381e-13
3.074,2.00492e-13
3.075,2.00603e-13
3.076,2.00714e-13
3.077,2.00839e-13
3.078,2.0095e-13
3.079,2.01061e-13
3.08,2.01179e-13
3.081,2.0129e-13
3.082,2.01401e-13
3.083,2.01519e-13
3.084,2.0163e-13
3.085,2.01741e-13
3.086,2.01859e-13
3.087,2.0197e-13
3.088,2.02088e-13
3.089,2.02199e-13
3.09,2.0231e-13
3.091,2.02421e-13
3.092,2.02539e-13
3.093,2.0265e-13
3.094,2.02761e-13
3.095,2.02879e-13
3.096,2.0299e-13
3.097,2.03101e-13
3.098,2.03212e-13
3.099,2.03323e-13
3.1,2.03434e-13
3.101,2.03546e-13
3.102,2.0365e-13
3.103,2.03768e-13
3.104,2.03879e-13
3.105,2.0399e-13
3.106,2.04094e-13
3.107,2.04212e-13
3.108,2.04323e-13
3.109,2.04434e-13
3.11,2.04545e-13
3.111,2.04649e-13
3.112,2.0476e-13
3.113,2.04871e-13
3.114,2.04982e-13
3.115,2.05089e-13
3.116,2.05197e-13
3.117,2.05305e-13
3.118,2.05416e-13
3.119,2.05523e-13
3.12,2.05631e-13
3.121,2.05738e-13
3.122,2.05846e-13
3.123,2.0595e-13
3.124,2.06057e-13
3.125,2.06165e-13
3.126,2.06272e-13
3.127,2.0638e-13
3.128,2.06486e-13
3.129,2.06593e-13
3.13,2.06699e-13
3.131,2.06805e-13
3.132,2.06909e-13
3.133,2.07015e-13
3.134,2.07121e-13
3.135,2.07226e-13
3.136,2.07331e-13
3.137,2.07435e-13
3.138,2.0754e-13
3.139,2.07644e-13
3.14,2.07748e-13
3.141,2.07852e-13
3.142,2.07956e-13
3.143,2.0806e-13
3.144,2.08163e-13
3.145,2.08266e-13
3.146,2.08369e-13
3.147,2.08471e-13
3.148,2.08574e-13
3.149,2.08675e-13
3.15,2.08777e-13
3.151,2.08878e-13
3.152,2.0898e-13
3.153,2.09081e-13
3.154,2.09183e-13
3.155,2.09284e-13
3.156,2.09385e-13
3.157,2.09485e-13
3.158,2.09582e-13
3.159,2.09686e-13
3.16,2.09784e-13
3.161,2.09884e-13
3.162,2.09985e-13
3.163,2.10085e-13
3.164,2.10186e-13
3.165,2.10287e-13
3.166,2.10384e-13
3.167,2.10481e-13
3.168,2.10578e-13
3.169,2.10679e-13
3.17,2.10772e-13
3.171,2.1087e-13
3.172,2.10967e-13
3.173,2.11067e-13
3.174,2.11164e-13
3.175,2.11262e-13
3.176,2.11359e-13
3.177,2.11456e-13
3.178,2.11546e-13
3.179,2.1165e-13
3.18,2.1174e-13
3.181,2.11837e-13
3.182,2.11928e-13
3.183,2.12025e-13
3.184,2.12122e-13
3.185,2.12212e-13
3.186,2.12302e-13
3.187,2.12393e-13
3.188,2.1249e-13
3.189,2.12587e-13
3.19,2.12677e-13
3.191,2.12767e-13
3.192,2.12864e-13
3.193,2.12955e-13
3.194,2.13045e-13
3.195,2.13142e-13
3.196,2.13232e-13
3.197,2.13322e-13
3.198,2.13413e-13
3.199,2.13503e-13
3.2,2.136e-13
3.201,2.1369e-13
3.202,2.1378e-13
3.203,2.13878e-13
3.204,2.13968e-13
3.205,2.14065e-13
3.206,2.14148e-13
3.207,2.14231e-13
3.208,2.14329e-13
3.209,2.14412e-13
3.21,2.14495e-13
3.211,2.14578e-13
3.212,2.14662e-13
3.213,2.14759e-13
3.214,2.14842e-13
3.215,2.14939e-13
3.216,2.15022e-13
3.217,2.1512e-13
3.218,2.15203e-13
3.219,2.153e-13
3.22,2.15383e-13
3.221,2.15467e-13
3.222,2.1555e-13
3.223,2.15633e-13
3.224,2.1573e-13
3.225,2.158e-13
3.226,2.15897e-13
3.227,2.1598e-13
3.228,2.16077e-13
3.229,2.1616e-13
3.23,2.16244e-13
3.231,2.16341e-13
3.232,2.16424e-13
3.233,2.16521e-13
3.234,2.16605e-13
3.235,2.16688e-13
3.236,2.16771e-13
3.237,2.16854e-13
3.238,2.16938e-13
3.239,2.17021e-13
3.24,2.17104e-13
3.241,2.17187e-13
3.242,2.17271e-13
3.243,2.17354e-13
3.244,2.17423e-13
3.245,2.17507e-13
3.246,2.1759e-13
3.247,2.17659e-13
3.248,2.17742e-13
3.249,2.17826e-13
3.25,2.17895e-13
3.251,2.17978e-13
3.252,2.18062e-13
3.253,2.18145e-13
3.254,2.18214e-13
3.255,2.18298e-13
3.256,2.18381e-13
3.257,2.1845e-13
3.258,2.18534e-13
3.259,2.18617e-13
3.26,2.187e-13
3.261,2.18769e-13
3.262,2.18853e-13
3.263,2.18936e-13
3.264,2.19005e-13
3.265,2.19089e-13
3.266,2.19158e-13
3.267,2.19214e-13
3.268,2.19325e-13
3.269,2.19408e-13
3.27,2.19463e-13
3.271,2.19547e-13
3.272,2.19602e-13
3.273,2.19685e-13
3.274,2.19769e-13
3.275,2.19824e-13
3.276,2.19907e-13
3.277,2.19991e-13
3.278,2.20074e-13
3.279,2.20129e-13
3.28,2.20213e-13
3.281,2.20296e-13
3.282,2.20379e-13
3.283,2.20435e-13
3.284,2.2049e-13
3.285,2.20574e-13
3.286,2.20657e-13
3.287,2.2074e-13
3.288,2.20823e-13
3.289,2.20907e-13
3.29,2.20962e-13
3.291,2.21018e-13
3.292,2.21101e-13
3.293,2.21156e-13
3.294,2.2124e-13
3.295,2.21295e-13
3.296,2.21378e-13
3.297,2.21434e-13
3.298,2.21517e-13
3.299,2.21573e-13
3.3,2.21656e-13
3.301,2.21712e-13
3.302,2.21767e-13
3.303,2.2185e-13
3.304,2.21906e-13
3.305,2.21989e-13
3.306,2.22045e-13
3.307,2.221e-13
3.308,2.22183e-13
3.309,2.22239e-13
3.31,2.22294e-13
3.311,2.22378e-13
3.312,2.22433e-13
3.313,2.22489e-13
3.314,2.22544e-13
3.315,2.22627e-13
3.316,2.22711e-13
3.317,2.22766e-13
3.318,2.22822e-13
3.319,2.22877e-13
3.32,2.22933e-13
3.321,2.22988e-13
3.322,2.23044e-13
3.323,2.23127e-13
3.324,2.23183e-13
3.325,2.23266e-13
3.326,2.23321e-13
3.327,2.23377e-13
3.328,2.2346e-13
3.329,2.23516e-13
3.33,2.23571e-13
3.331,2.23627e-13
3.332,2.23682e-13
3.333,2.23765e-13
3.334,2.23821e-13
3.335,2.23876e-13
3.336,2.23932e-13
3.337,2.23987e-13
3.338,2.24071e-13
3.339,2.24126e-13
3.34,2.24182e-13
3.341,2.24237e-13
3.342,2.24321e-13
3.343,2.24376e-13
3.344,2.24432e-13
3.345,2.24487e-13
3.346,2.24543e-13
3.347,2.24598e-13
3.348,2.24654e-13
3.349,2.24709e-13
3.35,2.24765e-13
3.351,2.24792e-13
3.352,2.24848e-13
3.353,2.24903e-13
3.354,2.24959e-13
3.355,2.24987e-13
3.356,2.2507e-13
3.357,2.25125e-13
3.358,2.25181e-13
3.359,2.25236e-13
3.36,2.25292e-13
3.361,2.25348e-13
3.362,2.25403e-13
3.363,2.25459e-13
3.364,2.25514e-13
3.365,2.2557e-13
3.366,2.25653e-13
3.367,2.25681e-13
3.368,2.25736e-13
3.369,2.25792e-13
3.37,2.25847e-13
3.371,2.25903e-13
3.372,2.25958e-13
3.373,2.26014e-13
3.374,2.26069e-13
3.375,2.26125e-13
3.376,2.26152e-13
3.377,2.26208e-13
3.378,2.26236e-13
3.379,2.26263e-13
3.38,2.26319e-13
3.381,2.26374e-13
3.382,2.26402e-13
3.383,2.26458e-13
3.384,2.26485e-13
3.385,2.26541e-13
3.386,2.26569e-13
3.387,2.26624e-13
3.388,2.2668e-13
3.389,2.26708e-13
3.39,2.26763e-13
3.391,2.26791e-13
3.392,2.26846e-13
3.393,2.26902e-13
3.394,2.2693e-13
3.395,2.26985e-13
3.396,2.27041e-13
3.397,2.27096e-13
3.398,2.27152e-13
3.399,2.27152e-13
3.4,2.27207e-13
3.401,2.27263e-13
3.402,2.27263e-13
3.403,2.27374e-13
3.404,2.27374e-13
3.405,2.27429e-13
3.406,2.27485e-13
3.407,2.27485e-13
3.408,2.2754e-13
3.409,2.2754e-13
3.41,2.27596e-13
3.411,2.27651e-13
3.412,2.27651e-13
3.413,2.27707e-13
3.414,2.27707e-13
3.415,2.27762e-13
3.416,2.27762e-13
3.417,2.27818e-13
3.418,2.27818e-13
3.419,2.27818e-13
3.42,2.27873e-13
3.421,2.27873e-13
3.422,2.27929e-13
3.423,2.27929e-13
3.424,2.27929e-13
3.425,2.27929e-13
3.426,2.27984e-13
3.427,2.2804e-13
3.428,2.28095e-13
3.429,2.28095e-13
3.43,2.28151e-13
3.431,2.28151e-13
3.432,2.28206e-13
3.433,2.28262e-13
3.434,2.28262e-13
3.435,2.28317e-13
3.436,2.28317e-13
3.437,2.28373e-13
3.438,2.28428e-13
3.439,2.28428e-13
3.44,2.28484e-13
3.441,2.28484e-13
3.442,2.28539e-13
3.443,2.28595e-13
3.444,2.28595e-13
3.445,2.2865e-13
3.446,2.2865e-13
3.447,2.2865e-13
3.448,2.28706e-13
3.449,2.28761e-13
3.45,2.28761e-13
3.451,2.28817e-13
3.452,2.28872e-13
3.453,2.28872e-13
3.454,2.28928e-13
3.455,2.28928e-13
3.456,2.28928e-13
3.457,2.28983e-13
3.458,2.28983e-13
3.459,2.28983e-13
3.46,2.28983e-13
3.461,2.28983e-13
3.462,2.29039e-13
3.463,2.29039e-13
3.464,2.29095e-13
3.465,2.29095e-13
3.466,2.2915e-13
3.467,2.2915e-13
3.468,2.2915e-13
3.469,2.29206e-13
3.47,2.29261e-13
3.471,2.29261e-13
3.472,2.29261e-13
3.473,2.29261e-13
3.474,2.29261e-13
3.475,2.29317e-13
3.476,2.29317e-13
3.477,2.29372e-13
3.478,2.29372e-13
3.479,2.29372e-13
3.48,2.29372e-13
3.481,2.29428e-13
3.482,2.29428e-13
3.483,2.29428e-13
3.484,2.29483e-13
3.485,2.29539e-13
3.486,2.29539e-13
3.487,2.29594e-13
3.488,2.29594e-13
3.489,2.2965e-13
3.49,2.2965e-13
3.491,2.29705e-13
3.492,2.29705e-13
3.493,2.29705e-13
3.494,2.29705e-13
3.495,2.29761e-13
3.496,2.29761e-13
3.497,2.29816e-13
3.498,2.29816e-13
3.499,2.29872e-13
3.5,2.29816e-13
3.501,2.29872e-13
3.502,2.29872e-13
3.503,2.29872e-13
3.504,2.29927e-13
3.505,2.29927e-13
3.506,2.29927e-13
3.507,2.29927e-13
3.508,2.29927e-13
3.509,2.29927e-13
3.51,2.29872e-13
3.511,2.29927e-13
3.512,2.29872e-13
3.513,2.29872e-13
3.514,2.29927e-13
3.515,2.29872e-13
3.516,2.29927e-13
3.517,2.29872e-13
3.518,2.29872e-13
3.519,2.29872e-13
3.52,2.29927e-13
3.521,2.29927e-13
3.522,2.29927e-13
3.523,2.29927e-13
3.524,2.29983e-13
3.525,2.29983e-13
3.526,2.29983e-13
3.527,2.29983e-13
3.528,2.29983e-13
3.529,2.29983e-13
3.53,2.29983e-13
3.531,2.29983e-13
3.532,2.30038e-13
3.533,2.29983e-13
3.534,2.29983e-13
3.535,2.29983e-13
3.536,2.29983e-13
3.537,2.29983e-13
3.538,2.29983e-13
3.539,2.29983e-13
3.54,2.29927e-13
3.541,2.29983e-13
3.542,2.29927e-13
3.543,2.29927e-13
3.544,2.29927e-13
3.545,2.29927e-13
3.546,2.29927e-13
3.547,2.29927e-13
3.548,2.29927e-13
3.549,2.29927e-13
3.55,2.29927e-13
3.551,2.29872e-13
3.552,2.29927e-13
3.553,2.29927e-13
3.554,2.29872e-13
3.555,2.29872e-13
3.556,2.29872e-13
3.557,2.29872e-13
3.558,2.29872e-13
3.559,2.29816e-13
3.56,2.29816e-13
3.561,2.29872e-13
3.562,2.29816e-13
3.563,2.29816e-13
3.564,2.29816e-13
3.565,2.29816e-13
3.566,2.29816e-13
3.567,2.29816e-13
3.568,2.29816e-13
3.569,2.29761e-13
3.57,2.29761e-13
3.571,2.29761e-13
3.572,2.29705e-13
3.573,2.29705e-13
3.574,2.29705e-13
3.575,2.29705e-13
3.576,2.2965e-13
3.577,2.2965e-13
3.578,2.2965e-13
3.579,2.2965e-13
3.58,2.2965e-13
3.581,2.2965e-13
3.582,2.29594e-13
3.583,2.2965e-13
3.584,2.2965e-13
3.585,2.29594e-13
3.586,2.29594e-13
3.587,2.29594e-13
3.588,2.29539e-13
3.589,2.29539e-13
3.59,2.29539e-13
3.591,2.29539e-13
3.592,2.29539e-13
3.593,2.29539e-13
3.594,2.29483e-13
3.595,2.29483e-13
3.596,2.29483e-13
3.597,2.29483e-13
3.598,2.29428e-13
3.599,2.29428e-13
3.6,2.29428e-13
3.601,2.29372e-13
3.602,2.29372e-13
3.603,2.29317e-13
3.604,2.29261e-13
3.605,2.29261e-13
3.606,2.29261e-13
3.607,2.29261e-13
3.608,2.29206e-13
3.609,2.29206e-13
3.61,2.2915e-13
3.611,2.2915e-13
3.612,2.29095e-13
3.613,2.29095e-13
3.614,2.29039e-13
3.615,2.28983e-13
3.616,2.28983e-13
3.617,2.28928e-13
3.618,2.28872e-13
3.619,2.28872e-13
3.62,2.28817e-13
3.621,2.28761e-13
3.622,2.28761e-13
3.623,2.28706e-13
3.624,2.2865e-13
3.625,2.2865e-13
3.626,2.2865e-13
3.627,2.28595e-13
3.628,2.28595e-13
3.629,2.28595e-13
3.63,2.28539e-13
3.631,2.28484e-13
3.632,2.28428e-13
3.633,2.28428e-13
3.634,2.28373e-13
3.635,2.28373e-13
3.636,2.28373e-13
3.637,2.28373e-13
3.638,2.28317e-13
3.639,2.28262e-13
3.64,2.28206e-13
3.641,2.28206e-13
3.642,2.28206e-13
3.643,2.28151e-13
3.644,2.28095e-13
3.645,2.28095e-13
3.646,2.2804e-13
3.647,2.27984e-13
3.648,2.27984e-13
3.649,2.27929e-13
3.65,2.27929e-13
3.651,2.27873e-13
3.652,2.27818e-13
3.653,2.27818e-13
3.654,2.27762e-13
3.655,2.27707e-13
3.656,2.27707e-13
3.657,2.27651e-13
3.658,2.27596e-13
3.659,2.2754e-13
3.66,2.27485e-13
3.661,2.27429e-13
3.662,2.27374e-13
3.663,2.27318e-13
3.664,2.27263e-13
3.665,2.27263e-13
3.666,2.27152e-13
3.667,2.27041e-13
3.668,2.27041e-13
3.669,2.2693e-13
3.67,2.26819e-13
3.671,2.26819e-13
3.672,2.26708e-13
3.673,2.26708e-13
3.674,2.26708e-13
3.675,2.26708e-13
3.676,2.26597e-13
3.677,2.26597e-13
3.678,2.26485e-13
3.679,2.26485e-13
3.68,2.26374e-13
3.681,2.26374e-13
3.682,2.26374e-13
3.683,2.26263e-13
3.684,2.26263e-13
3.685,2.26263e-13
3.686,2.26152e-13
3.687,2.26152e-13
3.688,2.26152e-13
3.689,2.26041e-13
3.69,2.26041e-13
3.691,2.2593e-13
3.692,2.25819e-13
3.693,2.25819e-13
3.694,2.25819e-13
3.695,2.25819e-13
3.696,2.25708e-13
3.697,2.25597e-13
3.698,2.25486e-13
3.699,2.25486e-13
3.7,2.25375e-13
3.701,2.25375e-13
3.702,2.25264e-13
3.703,2.25264e-13
3.704,2.25153e-13
3.705,2.25153e-13
3.706,2.25153e-13
3.707,2.25042e-13
3.708,2.25042e-13
3.709,2.25042e-13
3.71,2.24931e-13
3.711,2.2482e-13
3.712,2.2482e-13
3.713,2.24709e-13
3.714,2.24709e-13
3.715,2.24598e-13
3.716,2.24598e-13
3.717,2.24598e-13
3.718,2.24487e-13
3.719,2.24487e-13
3.72,2.24487e-13
3.721,2.24376e-13
3.722,2.24376e-13
3.723,2.24376e-13
3.724,2.24265e-13
3.725,2.24265e-13
3.726,2.24154e-13
3.727,2.24154e-13
3.728,2.24043e-13
3.729,2.23932e-13
3.73,2.23932e-13
3.731,2.23821e-13
3.732,2.2371e-13
3.733,2.2371e-13
3.734,2.23599e-13
3.735,2.23488e-13
3.736,2.23488e-13
3.737,2.23377e-13
3.738,2.23266e-13
3.739,2.23155e-13
3.74,2.23155e-13
3.741,2.23155e-13
3.742,2.23044e-13
3.743,2.22933e-13
3.744,2.22933e-13
3.745,2.22822e-13
3.746,2.22711e-13
3.747,2.22711e-13
3.748,2.22711e-13
3.749,2.226e-13
3.75,2.22489e-13
3.751,2.22489e-13
3.752,2.22489e-13
3.753,2.22489e-13
3.754,2.22267e-13
3.755,2.22267e-13
3.756,2.22156e-13
3.757,2.22045e-13
3.758,2.21934e-13
3.759,2.21934e-13
3.76,2.21823e-13
3.761,2.21823e-13
3.762,2.21823e-13
3.763,2.21712e-13
3.764,2.21601e-13
3.765,2.21489e-13
3.766,2.21489e-13
3.767,2.21378e-13
3.768,2.21267e-13
3.769,2.21156e-13
3.77,2.21156e-13
3.771,2.21045e-13
3.772,2.21045e-13
3.773,2.20934e-13
3.774,2.20934e-13
3.775,2.20823e-13
3.776,2.20712e-13
3.777,2.20712e-13
3.778,2.20601e-13
3.779,2.2049e-13
3.78,2.2049e-13
3.781,2.2049e-13
3.782,2.20379e-13
3.783,2.20268e-13
3.784,2.20157e-13
3.785,2.20157e-13
3.786,2.20046e-13
3.787,2.19935e-13
3.788,2.19935e-13
3.789,2.19824e-13
3.79,2.19713e-13
3.791,2.19602e-13
3.792,2.19602e-13
3.793,2.19491e-13
3.794,2.1938e-13
3.795,2.19269e-13
3.796,2.19269e-13
3.797,2.19158e-13
3.798,2.19158e-13
3.799,2.19047e-13
3.8,2.18936e-13
3.801,2.18825e-13
3.802,2.18714e-13
3.803,2.18714e-13
3.804,2.18603e-13
3.805,2.18603e-13
3.806,2.18492e-13
3.807,2.18381e-13
3.808,2.1827e-13
3.809,2.18159e-13
3.81,2.18159e-13
3.811,2.18048e-13
3.812,2.17937e-13
3.813,2.17937e-13
3.814,2.17826e-13
3.815,2.17715e-13
3.816,2.17604e-13
3.817,2.17493e-13
3.818,2.17382e-13
3.819,2.17271e-13
3.82,2.1716e-13
3.821,2.1716e-13
3.822,2.17049e-13
3.823,2.16938e-13
3.824,2.16938e-13
3.825,2.16827e-13
3.826,2.16716e-13
3.827,2.16493e-13
3.828,2.16382e-13
3.829,2.16382e-13
3.83,2.16271e-13
3.831,2.1616e-13
3.832,2.16049e-13
3.833,2.15938e-13
3.834,2.15938e-13
3.835,2.15827e-13
3.836,2.15716e-13
3.837,2.15605e-13
3.838,2.15494e-13
3.839,2.15494e-13
3.84,2.15383e-13
3.841,2.15272e-13
3.842,2.15161e-13
3.843,2.1505e-13
3.844,2.14939e-13
3.845,2.14828e-13
3.846,2.14717e-13
3.847,2.14717e-13
3.848,2.14495e-13
3.849,2.14384e-13
3.85,2.14273e-13
3.851,2.14162e-13
3.852,2.14051e-13
3.853,2.1394e-13
3.854,2.13829e-13
3.855,2.13718e-13
3.856,2.13607e-13
3.857,2.13496e-13
3.858,2.13385e-13
3.859,2.13274e-13
3.86,2.13163e-13
3.861,2.13052e-13
3.862,2.12941e-13
3.863,2.1283e-13
3.864,2.12719e-13
3.865,2.12608e-13
3.866,2.12497e-13
3.867,2.12386e-13
3.868,2.12275e-13
3.869,2.12164e-13
3.87,2.12053e-13
3.871,2.11942e-13
3.872,2.11831e-13
3.873,2.11831e-13
3.874,2.11609e-13
3.875,2.11609e-13
3.876,2.11497e-13
3.877,2.11386e-13
3.878,2.11164e-13
3.879,2.11164e-13
3.88,2.10942e-13
3.881,2.10942e-13
3.882,2.10831e-13
3.883,2.1072e-13
3.884,2.10609e-13
3.885,2.10498e-13
3.886,2.10276e-13
3.887,2.10165e-13
3.888,2.10054e-13
3.889,2.09943e-13
3.89,2.09832e-13
3.891,2.0961e-13
3.892,2.0961e-13
3.893,2.09388e-13
3.894,2.09388e-13
3.895,2.09166e-13
3.896,2.09055e-13
3.897,2.08944e-13
3.898,2.08833e-13
3.899,2.08722e-13
3.9,2.08611e-13
3.901,2.085e-13
3.902,2.085e-13
3.903,2.08389e-13
3.904,2.08278e-13
3.905,2.08167e-13
3.906,2.08056e-13
3.907,2.07834e-13
3.908,2.07723e-13
3.909,2.07612e-13
3.91,2.07501e-13
3.911,2.07279e-13
3.912,2.07168e-13
3.913,2.07057e-13
3.914,2.06946e-13
3.915,2.06835e-13
3.916,2.06724e-13
3.917,2.06501e-13
3.918,2.0639e-13
3.919,2.06279e-13
3.92,2.06168e-13
3.921,2.06057e-13
3.922,2.05946e-13
3.923,2.05724e-13
3.924,2.05613e-13
3.925,2.05391e-13
3.926,2.05391e-13
3.927,2.0528e-13
3.928,2.05169e-13
3.929,2.05058e-13
3.93,2.04947e-13
3.931,2.04836e-13
3.932,2.04614e-13
3.933,2.04503e-13
3.934,2.04392e-13
3.935,2.04281e-13
3.936,2.0417e-13
3.937,2.03948e-13
3.938,2.03837e-13
3.939,2.03726e-13
3.94,2.03504e-13
3.941,2.03393e-13
3.942,2.03282e-13
3.943,2.0306e-13
3.944,2.0306e-13
3.945,2.02838e-13
3.946,2.02616e-13
3.947,2.02505e-13
3.948,2.02283e-13
3.949,2.02283e-13
3.95,2.02061e-13
3.951,2.0195e-13
3.952,2.01728e-13
3.953,2.01728e-13
3.954,2.01505e-13
3.955,2.01394e-13
3.956,2.01283e-13
3.957,2.01172e-13
3.958,2.00839e-13
3.959,2.00839e-13
3.96,2.00617e-13
3.961,2.00395e-13
3.962,2.00284e-13
3.963,2.00173e-13
3.964,1.99951e-13
3.965,1.9984e-13
3.966,1.99729e-13
3.967,1.99618e-13
3.968,1.99396e-13
3.969,1.99285e-13
3.97,1.99174e-13
3.971,1.99063e-13
3.972,1.98952e-13
3.973,1.9873e-13
3.974,1.98619e-13
3.975,1.98508e-13
3.976,1.98286e-13
3.977,1.98175e-13
3.978,1.98064e-13
3.979,1.97953e-13
3.98,1.97731e-13
3.981,1.97509e-13
3.982,1.97287e-13
3.983,1.97176e-13
3.984,1.97065e-13
3.985,1.96843e-13
3.986,1.96732e-13
3.987,1.96509e-13
3.988,1.96398e-13
3.989,1.96287e-13
3.99,1.96176e-13
3.991,1.95954e-13
3.992,1.95843e-13
3.993,1.95621e-13
3.994,1.9551e-13
3.995,1.95399e-13
3.996,1.95177e-13
3.997,1.95066e-13
3.998,1.94955e-13
3.999,1.94733e-13
4,1.94622e-13
4.001,1.94178e-13
4.002,1.93734e-13
4.003,1.9329e-13
4.004,1.92846e-13
4.005,1.92513e-13
4.006,1.91958e-13
4.007,1.91513e-13
4.008,1.91069e-13
4.009,1.90514e-13
4.01,1.90181e-13
4.011,1.89737e-13
4.012,1.89293e-13
4.013,1.88849e-13
4.014,1.88405e-13
4.015,1.87961e-13
4.016,1.87517e-13
4.017,1.87073e-13
4.018,1.86628e-13
4.019,1.86184e-13
4.02,1.8574e-13
4.021,1.85296e-13
4.022,1.84741e-13
4.023,1.84297e-13
4.024,1.83853e-13
4.025,1.83409e-13
4.026,1.83076e-13
4.027,1.82632e-13
4.028,1.82188e-13
4.029,1.81744e-13
4.03,1.81299e-13
4.031,1.80744e-13
4.032,1.80411e-13
4.033,1.79967e-13
4.034,1.79523e-13
4.035,1.79079e-13
4.036,1.78746e-13
4.037,1.78302e-13
4.038,1.77858e-13
4.039,1.77525e-13
4.04,1.77081e-13
4.041,1.76636e-13
4.042,1.76192e-13
4.043,1.75748e-13
4.044,1.75304e-13
4.045,1.7486e-13
4.046,1.74416e-13
4.047,1.73972e-13
4.048,1.73528e-13
4.049,1.73084e-13
4.05,1.7264e-13
4.051,1.72307e-13
4.052,1.71752e-13
4.053,1.71307e-13
4.054,1.70863e-13
4.055,1.7053e-13
4.056,1.69975e-13
4.057,1.69642e-13
4.058,1.69198e-13
4.059,1.68754e-13
4.06,1.6831e-13
4.061,1.67977e-13
4.062,1.67533e-13
4.063,1.67089e-13
4.064,1.66644e-13
4.065,1.662e-13
4.066,1.65756e-13
4.067,1.65312e-13
4.068,1.64868e-13
4.069,1.64535e-13
4.07,1.6398e-13
4.071,1.63536e-13
4.072,1.63092e-13
4.073,1.62648e-13
4.074,1.62315e-13
4.075,1.61759e-13
4.076,1.61426e-13
4.077,1.61093e-13
4.078,1.60649e-13
4.079,1.60205e-13
4.08,1.59761e-13
4.081,1.59317e-13
4.082,1.58873e-13
4.083,1.58429e-13
4.084,1.57985e-13
4.085,1.57652e-13
4.086,1.57208e-13
4.087,1.56763e-13
4.088,1.5643e-13
4.089,1.55986e-13
4.09,1.55542e-13
4.091,1.55209e-13
4.092,1.54765e-13
4.093,1.54321e-13
4.094,1.53988e-13
4.095,1.53544e-13
4.096,1.53211e-13
4.097,1.52767e-13
4.098,1.52323e-13
4.099,1.51879e-13
4.1,1.51545e-13
4.101,1.51101e-13
4.102,1.50768e-13
4.103,1.50324e-13
4.104,1.4988e-13
4.105,1.49547e-13
4.106,1.49103e-13
4.107,1.4877e-13
4.108,1.48326e-13
4.109,1.47993e-13
4.11,1.4766e-13
4.111,1.47216e-13
4.112,1.46883e-13
4.113,1.46549e-13
4.114,1.45994e-13
4.115,1.45661e-13
4.116,1.45217e-13
4.117,1.44884e-13
4.118,1.4444e-13
4.119,1.44107e-13
4.12,1.43552e-13
4.121,1.43219e-13
4.122,1.42775e-13
4.123,1.42331e-13
4.124,1.41998e-13
4.125,1.41553e-13
4.126,1.4122e-13
4.127,1.40776e-13
4.128,1.40443e-13
4.129,1.39999e-13
4.13,1.39666e-13
4.131,1.39222e-13
4.132,1.38889e-13
4.133,1.38445e-13
4.134,1.38112e-13
4.135,1.37668e-13
4.136,1.37335e-13
4.137,1.3689e-13
4.138,1.36446e-13
4.139,1.36113e-13
4.14,1.35669e-13
4.141,1.35336e-13
4.142,1.35003e-13
4.143,1.3467e-13
4.144,1.34226e-13
4.145,1.33782e-13
4.146,1.33449e-13
4.147,1.33005e-13
4.148,1.32672e-13
4.149,1.32339e-13
4.15,1.31894e-13
4.151,1.3145e-13
4.152,1.31117e-13
4.153,1.30673e-13
4.154,1.3034e-13
4.155,1.29896e-13
4.156,1.29452e-13
4.157,1.29008e-13
4.158,1.28675e-13
4.159,1.28231e-13
4.16,1.27787e-13
4.161,1.27454e-13
4.162,1.2701e-13
4.163,1.26676e-13
4.164,1.26343e-13
4.165,1.25899e-13
4.166,1.25566e-13
4.167,1.25233e-13
4.168,1.249e-13
4.169,1.24567e-13
4.17,1.24123e-13
4.171,1.23679e-13
4.172,1.23346e-13
4.173,1.22902e-13
4.174,1.22569e-13
4.175,1.22125e-13
4.176,1.21791e-13
4.177,1.21458e-13
4.178,1.21125e-13
4.179,1.20681e-13
4.18,1.20237e-13
4.181,1.19904e-13
4.182,1.1946e-13
4.183,1.19238e-13
4.184,1.18794e-13
4.185,1.1835e-13
4.186,1.18017e-13
4.187,1.17684e-13
4.188,1.1724e-13
4.189,1.16795e-13
4.19,1.16573e-13
4.191,1.16129e-13
4.192,1.15685e-13
4.193,1.15352e-13
4.194,1.15019e-13
4.195,1.14686e-13
4.196,1.14353e-13
4.197,1.13909e-13
4.198,1.13576e-13
4.199,1.13243e-13
4.2,1.1291e-13
4.201,1.12577e-13
4.202,1.12244e-13
4.203,1.1191e-13
4.204,1.11577e-13
4.205,1.11244e-13
4.206,1.10911e-13
4.207,1.10578e-13
4.208,1.10134e-13
4.209,1.09801e-13
4.21,1.09468e-13
4.211,1.09135e-13
4.212,1.08802e-13
4.213,1.08469e-13
4.214,1.08136e-13
4.215,1.07803e-13
4.216,1.0747e-13
4.217,1.07137e-13
4.218,1.06692e-13
4.219,1.06359e-13
4.22,1.05915e-13
4.221,1.05693e-13
4.222,1.0536e-13
4.223,1.04916e-13
4.224,1.04583e-13
4.225,1.04139e-13
4.226,1.03806e-13
4.227,1.03473e-13
4.228,1.0314e-13
4.229,1.02807e-13
4.23,1.02474e-13
4.231,1.02141e-13
4.232,1.01807e-13
4.233,1.01474e-13
4.234,1.01141e-13
4.235,1.00808e-13
4.236,1.00475e-13
4.237,1.00142e-13
4.238,9.9698e-14
4.239,9.9365e-14
4.24,9.90319e-14
4.241,9.85878e-14
4.242,9.82547e-14
4.243,9.79217e-14
4.244,9.75886e-14
4.245,9.73666e-14
4.246,9.70335e-14
4.247,9.67004e-14
4.248,9.62563e-14
4.249,9.59233e-14
4.25,9.55902e-14
4.251,9.52571e-14
4.252,9.49241e-14
4.253,9.4591e-14
4.254,9.41469e-14
4.255,9.38138e-14
4.256,9.35918e-14
4.257,9.31477e-14
4.258,9.28146e-14
4.259,9.24816e-14
4.26,9.21485e-14
4.261,9.18154e-14
4.262,9.14824e-14
4.263,9.11493e-14
4.264,9.08162e-14
4.265,9.05942e-14
4.266,9.02611e-14
4.267,8.99281e-14
4.268,8.9595e-14
4.269,8.92619e-14
4.27,8.89289e-14
4.271,8.85958e-14
4.272,8.82627e-14
4.273,8.79297e-14
4.274,8.75966e-14
4.275,8.72635e-14
4.276,8.69305e-14
4.277,8.65974e-14
4.278,8.63754e-14
4.279,8.60423e-14
4.28,8.57092e-14
4.281,8.53762e-14
4.282,8.50431e-14
4.283,8.471e-14
4.284,8.43769e-14
4.285,8.40439e-14
4.286,8.37108e-14
4.287,8.33777e-14
4.288,8.30447e-14
4.289,8.27116e-14
4.29,8.23785e-14
4.291,8.20455e-14
4.292,8.17124e-14
4.293,8.13793e-14
4.294,8.09353e-14
4.295,8.07132e-14
4.296,8.03801e-14
4.297,8.01581e-14
4.298,7.9825e-14
4.299,7.9603e-14
4.3,7.92699e-14
4.301,7.89369e-14
4.302,7.87148e-14
4.303,7.83817e-14
4.304,7.81597e-14
4.305,7.78266e-14
4.306,7.74936e-14
4.307,7.71605e-14
4.308,7.68274e-14
4.309,7.64944e-14
4.31,7.61613e-14
4.311,7.58282e-14
4.312,7.54952e-14
4.313,7.51621e-14
4.314,7.4829e-14
4.315,7.4607e-14
4.316,7.42739e-14
4.317,7.39409e-14
4.318,7.34968e-14
4.319,7.32747e-14
4.32,7.29417e-14
4.321,7.26086e-14
4.322,7.22755e-14
4.323,7.19425e-14
4.324,7.17204e-14
4.325,7.14984e-14
4.326,7.11653e-14
4.327,7.08322e-14
4.328,7.04992e-14
4.329,7.01661e-14
4.33,6.99441e-14
4.331,6.9722e-14
4.332,6.95e-14
4.333,6.91669e-14
4.334,6.89448e-14
4.335,6.86118e-14
4.336,6.82787e-14
4.337,6.80567e-14
4.338,6.77236e-14
4.339,6.75016e-14
4.34,6.71685e-14
4.341,6.68354e-14
4.342,6.66134e-14
4.343,6.62803e-14
4.344,6.59472e-14
4.345,6.57252e-14
4.346,6.53921e-14
4.347,6.50591e-14
4.348,6.4726e-14
4.349,6.4504e-14
4.35,6.42819e-14
4.351,6.40599e-14
4.352,6.37268e-14
4.353,6.35048e-14
4.354,6.31717e-14
4.355,6.28386e-14
4.356,6.26166e-14
4.357,6.23945e-14
4.358,6.20615e-14
4.359,6.18394e-14
4.36,6.16174e-14
4.361,6.12843e-14
4.362,6.10623e-14
4.363,6.08402e-14
4.364,6.05072e-14
4.365,6.02851e-14
4.366,5.9952e-14
4.367,5.973e-14
4.368,5.9508e-14
4.369,5.92859e-14
4.37,5.89528e-14
4.371,5.87308e-14
4.372,5.85088e-14
4.373,5.82867e-14
4.374,5.80647e-14
4.375,5.77316e-14
4.376,5.73985e-14
4.377,5.71765e-14
4.378,5.69544e-14
4.379,5.67324e-14
4.38,5.63993e-14
4.381,5.60663e-14
4.382,5.58442e-14
4.383,5.56222e-14
4.384,5.54001e-14
4.385,5.50671e-14
4.386,5.4845e-14
4.387,5.4512e-14
4.388,5.42899e-14
4.389,5.40679e-14
4.39,5.38458e-14
4.391,5.35127e-14
4.392,5.32907e-14
4.393,5.30687e-14
4.394,5.27356e-14
4.395,5.25135e-14
4.396,5.22915e-14
4.397,5.20695e-14
4.398,5.18474e-14
4.399,5.16254e-14
4.4,5.14033e-14
4.401,5.10703e-14
4.402,5.09592e-14
4.403,5.07372e-14
4.404,5.04041e-14
4.405,5.01821e-14
4.406,4.996e-14
4.407,4.9738e-14
4.408,4.95159e-14
4.409,4.91829e-14
4.41,4.89608e-14
4.411,4.87388e-14
4.412,4.84057e-14
4.413,4.81837e-14
4.414,4.79616e-14
4.415,4.77396e-14
4.416,4.75175e-14
4.417,4.72955e-14
4.418,4.70735e-14
4.419,4.67404e-14
4.42,4.66294e-14
4.421,4.62963e-14
4.422,4.60743e-14
4.423,4.58522e-14
4.424,4.56302e-14
4.425,4.54081e-14
4.426,4.51861e-14
4.427,4.4964e-14
4.428,4.4742e-14
4.429,4.44089e-14
4.43,4.42979e-14
4.431,4.39648e-14
4.432,4.37428e-14
4.433,4.35207e-14
4.434,4.32987e-14
4.435,4.30767e-14
4.436,4.28546e-14
4.437,4.26326e-14
4.438,4.24105e-14
4.439,4.22995e-14
4.44,4.19664e-14
4.441,4.17444e-14
4.442,4.15223e-14
4.443,4.11893e-14
4.444,4.09672e-14
4.445,4.07452e-14
4.446,4.05231e-14
4.447,4.03011e-14
4.448,4.00791e-14
4.449,3.9857e-14
4.45,3.9635e-14
4.451,3.94129e-14
4.452,3.91909e-14
4.453,3.89688e-14
4.454,3.87468e-14
4.455,3.85247e-14
4.456,3.83027e-14
4.457,3.80806e-14
4.458,3.78586e-14
4.459,3.76366e-14
4.46,3.74145e-14
4.461,3.71925e-14
4.462,3.69704e-14
4.463,3.68594e-14
4.464,3.65263e-14
4.465,3.64153e-14
4.466,3.61933e-14
4.467,3.59712e-14
4.468,3.57492e-14
4.469,3.55271e-14
4.47,3.54161e-14
4.471,3.51941e-14
4.472,3.4972e-14
4.473,3.475e-14
4.474,3.45279e-14
4.475,3.43059e-14
4.476,3.40838e-14
4.477,3.38618e-14
4.478,3.36398e-14
4.479,3.34177e-14
4.48,3.31957e-14
4.481,3.30846e-14
4.482,3.28626e-14
4.483,3.25295e-14
4.484,3.24185e-14
4.485,3.21965e-14
4.486,3.19744e-14
4.487,3.18634e-14
4.488,3.16414e-14
4.489,3.14193e-14
4.49,3.11973e-14
4.491,3.09752e-14
4.492,3.08642e-14
4.493,3.06422e-14
4.494,3.03091e-14
4.495,3.01981e-14
4.496,2.9976e-14
4.497,2.9754e-14
4.498,2.9643e-14
4.499,2.94209e-14
4.5,2.91989e-14
4.501,2.89768e-14
4.502,2.87548e-14
4.503,2.86438e-14
4.504,2.84217e-14
4.505,2.83107e-14
4.506,2.79776e-14
4.507,2.78666e-14
4.508,2.76446e-14
4.509,2.75335e-14
4.51,2.73115e-14
4.511,2.70894e-14
4.512,2.68674e-14
4.513,2.66454e-14
4.514,2.65343e-14
4.515,2.63123e-14
4.516,2.62013e-14
4.517,2.59792e-14
4.518,2.58682e-14
4.519,2.56462e-14
4.52,2.54241e-14
4.521,2.53131e-14
4.522,2.5091e-14
4.523,2.498e-14
4.524,2.4758e-14
4.525,2.4647e-14
4.526,2.44249e-14
4.527,2.43139e-14
4.528,2.42029e-14
4.529,2.40918e-14
4.53,2.38698e-14
4.531,2.36478e-14
4.532,2.35367e-14
4.533,2.33147e-14
4.534,2.30926e-14
4.535,2.28706e-14
4.536,2.27596e-14
4.537,2.26485e-14
4.538,2.25375e-14
4.539,2.24265e-14
4.54,2.22045e-14
4.541,2.19824e-14
4.542,2.17604e-14
4.543,2.16493e-14
4.544,2.15383e-14
4.545,2.13163e-14
4.546,2.12053e-14
4.547,2.09832e-14
4.548,2.08722e-14
4.549,2.07612e-14
4.55,2.05391e-14
4.551,2.03171e-14
4.552,2.02061e-14
4.553,2.0095e-14
4.554,1.9984e-14
4.555,1.9873e-14
4.556,1.96509e-14
4.557,1.94289e-14
4.558,1.93179e-14
4.559,1.92069e-14
4.56,1.90958e-14
4.561,1.89848e-14
4.562,1.87628e-14
4.563,1.86517e-14
4.564,1.84297e-14
4.565,1.83187e-14
4.566,1.80966e-14
4.567,1.78746e-14
4.568,1.77636e-14
4.569,1.76525e-14
4.57,1.75415e-14
4.571,1.73195e-14
4.572,1.72085e-14
4.573,1.69864e-14
4.574,1.68754e-14
4.575,1.67644e-14
4.576,1.66533e-14
4.577,1.65423e-14
4.578,1.63203e-14
4.579,1.62093e-14
4.58,1.60982e-14
4.581,1.58762e-14
4.582,1.57652e-14
4.583,1.56541e-14
4.584,1.54321e-14
4.585,1.53211e-14
4.586,1.52101e-14
4.587,1.52101e-14
4.588,1.4988e-14
4.589,1.4877e-14
4.59,1.4766e-14
4.591,1.45439e-14
4.592,1.44329e-14
4.593,1.43219e-14
4.594,1.40998e-14
4.595,1.39888e-14
4.596,1.38778e-14
4.597,1.37668e-14
4.598,1.36557e-14
4.599,1.35447e-14
4.6,1.33227e-14
4.601,1.32117e-14
4.602,1.31006e-14
4.603,1.29896e-14
4.604,1.28786e-14
4.605,1.27676e-14
4.606,1.26565e-14
4.607,1.25455e-14
4.608,1.24345e-14
4.609,1.23235e-14
4.61,1.22125e-14
4.611,1.19904e-14
4.612,1.18794e-14
4.613,1.17684e-14
4.614,1.16573e-14
4.615,1.15463e-14
4.616,1.14353e-14
4.617,1.12133e-14
4.618,1.11022e-14
4.619,1.09912e-14
4.62,1.08802e-14
4.621,1.07692e-14
4.622,1.06581e-14
4.623,1.05471e-14
4.624,1.04361e-14
4.625,1.03251e-14
4.626,1.03251e-14
4.627,1.02141e-14
4.628,1.0103e-14
4.629,9.99201e-15
4.63,9.88098e-15
4.631,9.76996e-15
4.632,9.65894e-15
4.633,9.54792e-15
4.634,9.54792e-15
4.635,9.4369e-15
4.636,9.32587e-15
4.637,9.21485e-15
4.638,9.10383e-15
4.639,8.99281e-15
4.64,8.88178e-15
4.641,8.77076e-15
4.642,8.65974e-15
4.643,8.54872e-15
4.644,8.43769e-15
4.645,8.43769e-15
4.646,8.21565e-15
4.647,8.21565e-15
4.648,8.10463e-15
4.649,8.10463e-15
4.65,7.99361e-15
4.651,7.88258e-15
4.652,7.77156e-15
4.653,7.66054e-15
4.654,7.54952e-15
4.655,7.54952e-15
4.656,7.43849e-15
4.657,7.32747e-15
4.658,7.21645e-15
4.659,7.21645e-15
4.66,7.10543e-15
4.661,6.99441e-15
4.662,6.88338e-15
4.663,6.88338e-15
4.664,6.77236e-15
4.665,6.66134e-15
4.666,6.55032e-15
4.667,6.43929e-15
4.668,6.32827e-15
4.669,6.21725e-15
4.67,6.21725e-15
4.671,6.10623e-15
4.672,5.9952e-15
4.673,5.88418e-15
4.674,5.77316e-15
4.675,5.66214e-15
4.676,5.55112e-15
4.677,5.55112e-15
4.678,5.44009e-15
4.679,5.44009e-15
4.68,5.32907e-15
4.681,5.21805e-15
4.682,5.21805e-15
4.683,5.10703e-15
4.684,4.996e-15
4.685,4.88498e-15
4.686,4.77396e-15
4.687,4.77396e-15
4.688,4.66294e-15
4.689,4.55191e-15
4.69,4.55191e-15
4.691,4.44089e-15
4.692,4.32987e-15
4.693,4.32987e-15
4.694,4.21885e-15
4.695,4.21885e-15
4.696,4.21885e-15
4.697,4.10783e-15
4.698,4.10783e-15
4.699,3.9968e-15
4.7,3.9968e-15
4.701,3.9968e-15
4.702,3.88578e-15
4.703,3.88578e-15
4.704,3.77476e-15
4.705,3.66374e-15
4.706,3.55271e-15
4.707,3.55271e-15
4.708,3.44169e-15
4.709,3.44169e-15
4.71,3.33067e-15
4.711,3.33067e-15
4.712,3.33067e-15
4.713,3.21965e-15
4.714,3.21965e-15
4.715,3.10862e-15
4.716,2.9976e-15
4.717,2.9976e-15
4.718,2.9976e-15
4.719,2.88658e-15
4.72,2.88658e-15
4.721,2.88658e-15
4.722,2.77556e-15
4.723,2.66454e-15
4.724,2.55351e-15
4.725,2.55351e-15
4.726,2.66454e-15
4.727,2.66454e-15
4.728,2.55351e-15
4.729,2.55351e-15
4.73,2.44249e-15
4.731,2.44249e-15
4.732,2.44249e-15
4.733,2.33147e-15
4.734,2.44249e-15
4.735,2.33147e-15
4.736,2.22045e-15
4.737,2.22045e-15
4.738,2.22045e-15
4.739,2.22045e-15
4.74,2.10942e-15
4.741,2.10942e-15
4.742,2.10942e-15
4.743,2.10942e-15
4.744,1.9984e-15
4.745,1.9984e-15
4.746,1.9984e-15
4.747,1.88738e-15
4.748,1.88738e-15
4.749,1.77636e-15
4.75,1.88738e-15
4.751,1.77636e-15
4.752,1.77636e-15
4.753,1.77636e-15
4.754,1.66533e-15
4.755,1.66533e-15
4.756,1.66533e-15
4.757,1.55431e-15
4.758,1.55431e-15
4.759,1.55431e-15
4.76,1.55431e-15
4.761,1.44329e-15
4.762,1.44329e-15
4.763,1.44329e-15
4.764,1.44329e-15
4.765,1.44329e-15
4.766,1.33227e-15
4.767,1.33227e-15
4.768,1.33227e-15
4.769,1.33227e-15
4.77,1.22125e-15
4.771,1.22125e-15
4.772,1.22125e-15
4.773,1.22125e-15
4.774,1.22125e-15
4.775,1.22125e-15
4.776,1.22125e-15
4.777,1.22125e-15
4.778,1.22125e-15
4.779,1.22125e-15
4.78,1.22125e-15
4.781,1.22125e-15
4.782,1.22125e-15
4.783,1.22125e-15
4.784,1.22125e-15
4.785,1.22125e-15
4.786,1.22125e-15
4.787,1.22125e-15
4.788,1.22125e-15
4.789,1.22125e-15
4.79,1.22125e-15
4.791,1.22125e-15
4.792,1.33227e-15
4.793,1.33227e-15
4.794,1.22125e-15
4.795,1.22125e-15
4.796,1.22125e-15
4.797,1.22125e-15
4.798,1.22125e-15
4.799,1.33227e-15
4.8,1.33227e-15
4.801,1.33227e-15
4.802,1.22125e-15
4.803,1.33227e-15
4.804,1.33227e-15
4.805,1.22125e-15
4.806,1.22125e-15
4.807,1.33227e-15
4.808,1.33227e-15
4.809,1.33227e-15
4.81,1.33227e-15
4.811,1.33227e-15
4.812,1.33227e-15
4.813,1.44329e-15
4.814,1.33227e-15
4.815,1.33227e-15
4.816,1.33227e-15
4.817,1.33227e-15
4.818,1.33227e-15
4.819,1.44329e-15
4.82,1.44329e-15
4.821,1.44329e-15
4.822,1.55431e-15
4.823,1.55431e-15
4.824,1.55431e-15
4.825,1.66533e-15
4.826,1.66533e-15
4.827,1.66533e-15
4.828,1.66533e-15
4.829,1.77636e-15
4.83,1.77636e-15
4.831,1.66533e-15
4.832,1.66533e-15
4.833,1.66533e-15
4.834,1.66533e-15
4.835,1.77636e-15
4.836,1.77636e-15
4.837,1.77636e-15
4.838,1.77636e-15
4.839,1.88738e-15
4.84,1.88738e-15
4.841,1.9984e-15
4.842,1.9984e-15
4.843,1.9984e-15
4.844,1.9984e-15
4.845,1.9984e-15
4.846,1.9984e-15
4.847,2.10942e-15
4.848,2.22045e-15
4.849,2.22045e-15
4.85,2.22045e-15
4.851,2.22045e-15
4.852,2.33147e-15
4.853,2.44249e-15
4.854,2.44249e-15
4.855,2.55351e-15
4.856,2.55351e-15
4.857,2.66454e-15
4.858,2.77556e-15
4.859,2.77556e-15
4.86,2.88658e-15
4.861,2.88658e-15
4.862,2.88658e-15
4.863,2.9976e-15
4.864,2.9976e-15
4.865,3.10862e-15
4.866,3.10862e-15
4.867,3.10862e-15
4.868,3.21965e-15
4.869,3.33067e-15
4.87,3.33067e-15
4.871,3.44169e-15
4.872,3.44169e-15
4.873,3.55271e-15
4.874,3.55271e-15
4.875,3.66374e-15
4.876,3.77476e-15
4.877,3.77476e-15
4.878,3.88578e-15
4.879,3.88578e-15
4.88,3.9968e-15
4.881,3.9968e-15
4.882,4.10783e-15
4.883,4.21885e-15
4.884,4.32987e-15
4.885,4.32987e-15
4.886,4.44089e-15
4.887,4.55191e-15
4.888,4.55191e-15
4.889,4.55191e-15
4.89,4.66294e-15
4.891,4.77396e-15
4.892,4.88498e-15
4.893,4.996e-15
4.894,4.996e-15
4.895,5.10703e-15
4.896,5.21805e-15
4.897,5.21805e-15
4.898,5.32907e-15
4.899,5.32907e-15
4.9,5.44009e-15
4.901,5.44009e-15
4.902,5.55112e-15
4.903,5.66214e-15
4.904,5.77316e-15
4.905,5.77316e-15
4.906,5.77316e-15
4.907,5.88418e-15
4.908,5.9952e-15
4.909,6.10623e-15
4.91,6.21725e-15
4.911,6.32827e-15
4.912,6.32827e-15
4.913,6.43929e-15
4.914,6.43929e-15
4.915,6.55032e-15
4.916,6.55032e-15
4.917,6.77236e-15
4.918,6.77236e-15
4.919,6.88338e-15
4.92,6.99441e-15
4.921,6.99441e-15
4.922,7.10543e-15
4.923,7.21645e-15
4.924,7.32747e-15
4.925,7.32747e-15
4.926,7.43849e-15
4.927,7.43849e-15
4.928,7.66054e-15
4.929,7.66054e-15
4.93,7.77156e-15
4.931,7.88258e-15
4.932,7.99361e-15
4.933,8.10463e-15
4.934,8.21565e-15
4.935,8.32667e-15
4.936,8.43769e-15
4.937,8.54872e-15
4.938,8.65974e-15
4.939,8.77076e-15
4.94,8.99281e-15
4.941,9.10383e-15
4.942,9.21485e-15
4.943,9.32587e-15
4.944,9.4369e-15
4.945,9.54792e-15
4.946,9.76996e-15
4.947,9.88098e-15
4.948,9.99201e-15
4.949,1.0103e-14
4.95,1.02141e-14
4.951,1.03251e-14
4.952,1.04361e-14
4.953,1.05471e-14
4.954,1.06581e-14
4.955,1.07692e-14
4.956,1.08802e-14
4.957,1.09912e-14
4.958,1.11022e-14
4.959,1.12133e-14
4.96,1.13243e-14
4.961,1.14353e-14
4.962,1.15463e-14
4.963,1.16573e-14
4.964,1.18794e-14
4.965,1.19904e-14
4.966,1.21014e-14
4.967,1.22125e-14
4.968,1.23235e-14
4.969,1.24345e-14
4.97,1.26565e-14
4.971,1.27676e-14
4.972,1.28786e-14
4.973,1.29896e-14
4.974,1.31006e-14
4.975,1.32117e-14
4.976,1.32117e-14
4.977,1.33227e-14
4.978,1.34337e-14
4.979,1.36557e-14
4.98,1.37668e-14
4.981,1.38778e-14
4.982,1.38778e-14
4.983,1.40998e-14
4.984,1.42109e-14
4.985,1.43219e-14
4.986,1.44329e-14
4.987,1.45439e-14
4.988,1.4766e-14
4.989,1.4877e-14
4.99,1.4988e-14
4.991,1.5099e-14
4.992,1.52101e-14
4.993,1.53211e-14
4.994,1.54321e-14
4.995,1.55431e-14
4.996,1.56541e-14
4.997,1.57652e-14
4.998,1.58762e-14
4.999,1.60982e-14
5,1.62093e-14
