0.002,3.33333e-10
0.003,4.99999e-10
0.004,6.66664e-10
0.005,8.33328e-10
0.006,9.99991e-10
0.007,1.16665e-09
0.008,1.33331e-09
0.009,1.49997e-09
0.01,1.66663e-09
0.011,1.83328e-09
0.012,1.99993e-09
0.013,2.16658e-09
0.014,2.33322e-09
0.015,2.49986e-09
0.016,2.6665e-09
0.017,2.83313e-09
0.018,2.99976e-09
0.019,3.16638e-09
0.02,3.333e-09
0.021,3.49961e-09
0.022,3.66622e-09
0.023,3.83283e-09
0.024,3.99942e-09
0.025,4.16602e-09
0.026,4.3326e-09
0.027,4.49918e-09
0.028,4.66575e-09
0.029,4.83232e-09
0.03,4.99888e-09
0.031,5.16543e-09
0.032,5.33197e-09
0.033,5.4985e-09
0.034,5.66503e-09
0.035,5.83155e-09
0.036,5.99806e-09
0.037,6.16456e-09
0.038,6.33105e-09
0.039,6.49753e-09
0.04,6.664e-09
0.041,6.83046e-09
0.042,6.99691e-09
0.043,7.16336e-09
0.044,7.32979e-09
0.045,7.49621e-09
0.046,7.66261e-09
0.047,7.82901e-09
0.048,7.99539e-09
0.049,8.16177e-09
0.05,8.32813e-09
0.051,8.49448e-09
0.052,8.66081e-09
0.053,8.82713e-09
0.054,8.99344e-09
0.055,9.15974e-09
0.056,9.32602e-09
0.057,9.49229e-09
0.058,9.65854e-09
0.059,9.82478e-09
0.06,9.991e-09
0.061,1.01572e-08
0.062,1.03234e-08
0.063,1.04896e-08
0.064,1.06557e-08
0.065,1.08219e-08
0.066,1.0988e-08
0.067,1.11541e-08
0.068,1.13202e-08
0.069,1.14863e-08
0.07,1.16524e-08
0.071,1.18184e-08
0.072,1.19845e-08
0.073,1.21505e-08
0.074,1.23165e-08
0.075,1.24824e-08
0.076,1.26484e-08
0.077,1.28143e-08
0.078,1.29802e-08
0.079,1.31461e-08
0.08,1.3312e-08
0.081,1.34779e-08
0.082,1.36437e-08
0.083,1.38095e-08
0.084,1.39753e-08
0.085,1.41411e-08
0.086,1.43068e-08
0.087,1.44726e-08
0.088,1.46383e-08
0.089,1.4804e-08
0.09,1.49696e-08
0.091,1.51353e-08
0.092,1.53009e-08
0.093,1.54665e-08
0.094,1.56321e-08
0.095,1.57976e-08
0.096,1.59632e-08
0.097,1.61287e-08
0.098,1.62941e-08
0.099,1.64596e-08
0.1,1.6625e-08
0.101,1.67904e-08
0.102,1.69558e-08
0.103,1.71212e-08
0.104,1.72865e-08
0.105,1.74518e-08
0.106,1.76171e-08
0.107,1.77823e-08
0.108,1.79476e-08
0.109,1.81128e-08
0.11,1.82779e-08
0.111,1.84431e-08
0.112,1.86082e-08
0.113,1.87733e-08
0.114,1.89383e-08
0.115,1.91034e-08
0.116,1.92684e-08
0.117,1.94333e-08
0.118,1.95983e-08
0.119,1.97632e-08
0.12,1.99281e-08
0.121,2.00929e-08
0.122,2.02577e-08
0.123,2.04225e-08
0.124,2.05873e-08
0.125,2.0752e-08
0.126,2.09167e-08
0.127,2.10814e-08
0.128,2.1246e-08
0.129,2.14107e-08
0.13,2.15752e-08
0.131,2.17398e-08
0.132,2.19043e-08
0.133,2.20688e-08
0.134,2.22332e-08
0.135,2.23976e-08
0.136,2.2562e-08
0.137,2.27263e-08
0.138,2.28906e-08
0.139,2.30549e-08
0.14,2.32192e-08
0.141,2.33834e-08
0.142,2.35475e-08
0.143,2.37117e-08
0.144,2.38758e-08
0.145,2.40398e-08
0.146,2.42038e-08
0.147,2.43678e-08
0.148,2.45318e-08
0.149,2.46957e-08
0.15,2.48596e-08
0.151,2.50234e-08
0.152,2.51872e-08
0.153,2.5351e-08
0.154,2.55147e-08
0.155,2.56784e-08
0.156,2.58421e-08
0.157,2.60057e-08
0.158,2.61693e-08
0.159,2.63328e-08
0.16,2.64963e-08
0.161,2.66597e-08
0.162,2.68232e-08
0.163,2.69865e-08
0.164,2.71499e-08
0.165,2.73132e-08
0.166,2.74764e-08
0.167,2.76396e-08
0.168,2.78028e-08
0.169,2.79659e-08
0.17,2.8129e-08
0.171,2.82921e-08
0.172,2.84551e-08
0.173,2.8618e-08
0.174,2.87809e-08
0.175,2.89438e-08
0.176,2.91066e-08
0.177,2.92694e-08
0.178,2.94322e-08
0.179,2.95949e-08
0.18,2.97575e-08
0.181,2.99201e-08
0.182,3.00827e-08
0.183,3.02452e-08
0.184,3.04077e-08
0.185,3.05701e-08
0.186,3.07325e-08
0.187,3.08948e-08
0.188,3.10571e-08
0.189,3.12194e-08
0.19,3.13816e-08
0.191,3.15437e-08
0.192,3.17058e-08
0.193,3.18679e-08
0.194,3.20299e-08
0.195,3.21918e-08
0.196,3.23537e-08
0.197,3.25156e-08
0.198,3.26774e-08
0.199,3.28392e-08
0.2,3.30009e-08
0.201,3.31626e-08
0.202,3.33242e-08
0.203,3.34857e-08
0.204,3.36472e-08
0.205,3.38087e-08
0.206,3.39701e-08
0.207,3.41315e-08
0.208,3.42928e-08
0.209,3.44541e-08
0.21,3.46153e-08
0.211,3.47764e-08
0.212,3.49375e-08
0.213,3.50986e-08
0.214,3.52596e-08
0.215,3.54205e-08
0.216,3.55814e-08
0.217,3.57422e-08
0.218,3.5903e-08
0.219,3.60638e-08
0.22,3.62244e-08
0.221,3.63851e-08
0.222,3.65456e-08
0.223,3.67061e-08
0.224,3.68666e-08
0.225,3.7027e-08
0.226,3.71873e-08
0.227,3.73476e-08
0.228,3.75079e-08
0.229,3.7668e-08
0.23,3.78282e-08
0.231,3.79882e-08
0.232,3.81482e-08
0.233,3.83082e-08
0.234,3.84681e-08
0.235,3.86279e-08
0.236,3.87877e-08
0.237,3.89474e-08
0.238,3.91071e-08
0.239,3.92667e-08
0.24,3.94262e-08
0.241,3.95857e-08
0.242,3.97451e-08
0.243,3.99045e-08
0.244,4.00638e-08
0.245,4.0223e-08
0.246,4.03822e-08
0.247,4.05413e-08
0.248,4.07004e-08
0.249,4.08594e-08
0.25,4.10183e-08
0.251,4.11772e-08
0.252,4.1336e-08
0.253,4.14948e-08
0.254,4.16535e-08
0.255,4.18121e-08
0.256,4.19707e-08
0.257,4.21292e-08
0.258,4.22876e-08
0.259,4.2446e-08
0.26,4.26043e-08
0.261,4.27625e-08
0.262,4.29207e-08
0.263,4.30788e-08
0.264,4.32369e-08
0.265,4.33949e-08
0.266,4.35528e-08
0.267,4.37107e-08
0.268,4.38685e-08
0.269,4.40262e-08
0.27,4.41839e-08
0.271,4.43414e-08
0.272,4.4499e-08
0.273,4.46564e-08
0.274,4.48138e-08
0.275,4.49712e-08
0.276,4.51284e-08
0.277,4.52856e-08
0.278,4.54427e-08
0.279,4.55998e-08
0.28,4.57568e-08
0.281,4.59137e-08
0.282,4.60705e-08
0.283,4.62273e-08
0.284,4.6384e-08
0.285,4.65407e-08
0.286,4.66972e-08
0.287,4.68537e-08
0.288,4.70102e-08
0.289,4.71665e-08
0.29,4.73228e-08
0.291,4.7479e-08
0.292,4.76352e-08
0.293,4.77912e-08
0.294,4.79472e-08
0.295,4.81032e-08
0.296,4.8259e-08
0.297,4.84148e-08
0.298,4.85705e-08
0.299,4.87262e-08
0.3,4.88817e-08
0.301,4.90372e-08
0.302,4.91926e-08
0.303,4.9348e-08
0.304,4.95033e-08
0.305,4.96584e-08
0.306,4.98136e-08
0.307,4.99686e-08
0.308,5.01236e-08
0.309,5.02785e-08
0.31,5.04333e-08
0.311,5.0588e-08
0.312,5.07427e-08
0.313,5.08973e-08
0.314,5.10518e-08
0.315,5.12063e-08
0.316,5.13606e-08
0.317,5.15149e-08
0.318,5.16691e-08
0.319,5.18232e-08
0.32,5.19773e-08
0.321,5.21313e-08
0.322,5.22852e-08
0.323,5.2439e-08
0.324,5.25927e-08
0.325,5.27464e-08
0.326,5.28999e-08
0.327,5.30534e-08
0.328,5.32069e-08
0.329,5.33602e-08
0.33,5.35135e-08
0.331,5.36666e-08
0.332,5.38197e-08
0.333,5.39727e-08
0.334,5.41257e-08
0.335,5.42785e-08
0.336,5.44313e-08
0.337,5.4584e-08
0.338,5.47366e-08
0.339,5.48891e-08
0.34,5.50416e-08
0.341,5.51939e-08
0.342,5.53462e-08
0.343,5.54984e-08
0.344,5.56505e-08
0.345,5.58025e-08
0.346,5.59545e-08
0.347,5.61063e-08
0.348,5.62581e-08
0.349,5.64098e-08
0.35,5.65614e-08
0.351,5.67129e-08
0.352,5.68644e-08
0.353,5.70157e-08
0.354,5.7167e-08
0.355,5.73181e-08
0.356,5.74692e-08
0.357,5.76202e-08
0.358,5.77711e-08
0.359,5.7922e-08
0.36,5.80727e-08
0.361,5.82234e-08
0.362,5.83739e-08
0.363,5.85244e-08
0.364,5.86748e-08
0.365,5.88251e-08
0.366,5.89753e-08
0.367,5.91255e-08
0.368,5.92755e-08
0.369,5.94254e-08
0.37,5.95753e-08
0.371,5.97251e-08
0.372,5.98747e-08
0.373,6.00243e-08
0.374,6.01738e-08
0.375,6.03232e-08
0.376,6.04725e-08
0.377,6.06218e-08
0.378,6.07709e-08
0.379,6.09199e-08
0.38,6.10689e-08
0.381,6.12178e-08
0.382,6.13665e-08
0.383,6.15152e-08
0.384,6.16638e-08
0.385,6.18123e-08
0.386,6.19607e-08
0.387,6.2109e-08
0.388,6.22572e-08
0.389,6.24053e-08
0.39,6.25533e-08
0.391,6.27012e-08
0.392,6.28491e-08
0.393,6.29968e-08
0.394,6.31444e-08
0.395,6.3292e-08
0.396,6.34394e-08
0.397,6.35868e-08
0.398,6.37341e-08
0.399,6.38812e-08
0.4,6.40283e-08
0.401,6.41753e-08
0.402,6.43221e-08
0.403,6.44689e-08
0.404,6.46156e-08
0.405,6.47622e-08
0.406,6.49087e-08
0.407,6.5055e-08
0.408,6.52013e-08
0.409,6.53475e-08
0.41,6.54936e-08
0.411,6.56396e-08
0.412,6.57855e-08
0.413,6.59313e-08
0.414,6.6077e-08
0.415,6.62226e-08
0.416,6.63681e-08
0.417,6.65135e-08
0.418,6.66588e-08
0.419,6.6804e-08
0.42,6.69491e-08
0.421,6.70941e-08
0.422,6.7239e-08
0.423,6.73838e-08
0.424,6.75285e-08
0.425,6.7673e-08
0.426,6.78175e-08
0.427,6.79619e-08
0.428,6.81062e-08
0.429,6.82504e-08
0.43,6.83945e-08
0.431,6.85384e-08
0.432,6.86823e-08
0.433,6.88261e-08
0.434,6.89697e-08
0.435,6.91133e-08
0.436,6.92567e-08
0.437,6.94001e-08
0.438,6.95433e-08
0.439,6.96865e-08
0.44,6.98295e-08
0.441,6.99724e-08
0.442,7.01153e-08
0.443,7.0258e-08
0.444,7.04006e-08
0.445,7.05431e-08
0.446,7.06855e-08
0.447,7.08278e-08
0.448,7.097e-08
0.449,7.11121e-08
0.45,7.1254e-08
0.451,7.13959e-08
0.452,7.15377e-08
0.453,7.16793e-08
0.454,7.18208e-08
0.455,7.19623e-08
0.456,7.21036e-08
0.457,7.22448e-08
0.458,7.23859e-08
0.459,7.25269e-08
0.46,7.26678e-08
0.461,7.28086e-08
0.462,7.29493e-08
0.463,7.30898e-08
0.464,7.32303e-08
0.465,7.33706e-08
0.466,7.35108e-08
0.467,7.36509e-08
0.468,7.37909e-08
0.469,7.39308e-08
0.47,7.40706e-08
0.471,7.42103e-08
0.472,7.43498e-08
0.473,7.44893e-08
0.474,7.46286e-08
0.475,7.47678e-08
0.476,7.4907e-08
0.477,7.50459e-08
0.478,7.51848e-08
0.479,7.53236e-08
0.48,7.54622e-08
0.481,7.56008e-08
0.482,7.57392e-08
0.483,7.58775e-08
0.484,7.60157e-08
0.485,7.61538e-08
0.486,7.62918e-08
0.487,7.64296e-08
0.488,7.65674e-08
0.489,7.6705e-08
0.49,7.68425e-08
0.491,7.69799e-08
0.492,7.71171e-08
0.493,7.72543e-08
0.494,7.73913e-08
0.495,7.75283e-08
0.496,7.76651e-08
0.497,7.78018e-08
0.498,7.79383e-08
0.499,7.80748e-08
0.5,7.82111e-08
0.501,7.83473e-08
0.502,7.84834e-08
0.503,7.86194e-08
0.504,7.87553e-08
0.505,7.8891e-08
0.506,7.90266e-08
0.507,7.91621e-08
0.508,7.92975e-08
0.509,7.94328e-08
0.51,7.95679e-08
0.511,7.97029e-08
0.512,7.98378e-08
0.513,7.99726e-08
0.514,8.01073e-08
0.515,8.02418e-08
0.516,8.03763e-08
0.517,8.05105e-08
0.518,8.06447e-08
0.519,8.07788e-08
0.52,8.09127e-08
0.521,8.10465e-08
0.522,8.11802e-08
0.523,8.13138e-08
0.524,8.14472e-08
0.525,8.15805e-08
0.526,8.17137e-08
0.527,8.18468e-08
0.528,8.19797e-08
0.529,8.21126e-08
0.53,8.22453e-08
0.531,8.23778e-08
0.532,8.25103e-08
0.533,8.26426e-08
0.534,8.27748e-08
0.535,8.29069e-08
0.536,8.30388e-08
0.537,8.31707e-08
0.538,8.33024e-08
0.539,8.34339e-08
0.54,8.35654e-08
0.541,8.36967e-08
0.542,8.38279e-08
0.543,8.3959e-08
0.544,8.40899e-08
0.545,8.42207e-08
0.546,8.43514e-08
0.547,8.4482e-08
0.548,8.46124e-08
0.549,8.47427e-08
0.55,8.48729e-08
0.551,8.50029e-08
0.552,8.51328e-08
0.553,8.52626e-08
0.554,8.53923e-08
0.555,8.55218e-08
0.556,8.56512e-08
0.557,8.57805e-08
0.558,8.59096e-08
0.559,8.60386e-08
0.56,8.61675e-08
0.561,8.62962e-08
0.562,8.64249e-08
0.563,8.65533e-08
0.564,8.66817e-08
0.565,8.68099e-08
0.566,8.6938e-08
0.567,8.7066e-08
0.568,8.71938e-08
0.569,8.73215e-08
0.57,8.74491e-08
0.571,8.75765e-08
0.572,8.77038e-08
0.573,8.7831e-08
0.574,8.7958e-08
0.575,8.80849e-08
0.576,8.82117e-08
0.577,8.83383e-08
0.578,8.84648e-08
0.579,8.85912e-08
0.58,8.87174e-08
0.581,8.88435e-08
0.582,8.89695e-08
0.583,8.90953e-08
0.584,8.9221e-08
0.585,8.93466e-08
0.586,8.9472e-08
0.587,8.95973e-08
0.588,8.97224e-08
0.589,8.98475e-08
0.59,8.99723e-08
0.591,9.00971e-08
0.592,9.02217e-08
0.593,9.03462e-08
0.594,9.04705e-08
0.595,9.05947e-08
0.596,9.07188e-08
0.597,9.08427e-08
0.598,9.09665e-08
0.599,9.10901e-08
0.6,9.12136e-08
0.601,9.1337e-08
0.602,9.14602e-08
0.603,9.15833e-08
0.604,9.17063e-08
0.605,9.18291e-08
0.606,9.19518e-08
0.607,9.20743e-08
0.608,9.21967e-08
0.609,9.2319e-08
0.61,9.24411e-08
0.611,9.2563e-08
0.612,9.26849e-08
0.613,9.28066e-08
0.614,9.29281e-08
0.615,9.30495e-08
0.616,9.31708e-08
0.617,9.3292e-08
0.618,9.34129e-08
0.619,9.35338e-08
0.62,9.36545e-08
0.621,9.37751e-08
0.622,9.38955e-08
0.623,9.40158e-08
0.624,9.41359e-08
0.625,9.42559e-08
0.626,9.43758e-08
0.627,9.44955e-08
0.628,9.4615e-08
0.629,9.47344e-08
0.63,9.48537e-08
0.631,9.49729e-08
0.632,9.50918e-08
0.633,9.52107e-08
0.634,9.53294e-08
0.635,9.5448e-08
0.636,9.55664e-08
0.637,9.56846e-08
0.638,9.58027e-08
0.639,9.59207e-08
0.64,9.60386e-08
0.641,9.61562e-08
0.642,9.62738e-08
0.643,9.63912e-08
0.644,9.65084e-08
0.645,9.66255e-08
0.646,9.67425e-08
0.647,9.68593e-08
0.648,9.69759e-08
0.649,9.70924e-08
0.65,9.72088e-08
0.651,9.7325e-08
0.652,9.74411e-08
0.653,9.7557e-08
0.654,9.76728e-08
0.655,9.77884e-08
0.656,9.79039e-08
0.657,9.80192e-08
0.658,9.81344e-08
0.659,9.82494e-08
0.66,9.83643e-08
0.661,9.8479e-08
0.662,9.85936e-08
0.663,9.8708e-08
0.664,9.88223e-08
0.665,9.89364e-08
0.666,9.90504e-08
0.667,9.91643e-08
0.668,9.92779e-08
0.669,9.93915e-08
0.67,9.95048e-08
0.671,9.96181e-08
0.672,9.97311e-08
0.673,9.98441e-08
0.674,9.99568e-08
0.675,1.00069e-07
0.676,1.00182e-07
0.677,1.00294e-07
0.678,1.00406e-07
0.679,1.00518e-07
0.68,1.0063e-07
0.681,1.00742e-07
0.682,1.00854e-07
0.683,1.00965e-07
0.684,1.01076e-07
0.685,1.01187e-07
0.686,1.01298e-07
0.687,1.01409e-07
0.688,1.0152e-07
0.689,1.0163e-07
0.69,1.0174e-07
0.691,1.01851e-07
0.692,1.01961e-07
0.693,1.0207e-07
0.694,1.0218e-07
0.695,1.0229e-07
0.696,1.02399e-07
0.697,1.02508e-07
0.698,1.02617e-07
0.699,1.02726e-07
0.7,1.02835e-07
0.701,1.02944e-07
0.702,1.03052e-07
0.703,1.0316e-07
0.704,1.03268e-07
0.705,1.03376e-07
0.706,1.03484e-07
0.707,1.03592e-07
0.708,1.03699e-07
0.709,1.03807e-07
0.71,1.03914e-07
0.711,1.04021e-07
0.712,1.04128e-07
0.713,1.04235e-07
0.714,1.04341e-07
0.715,1.04448e-07
0.716,1.04554e-07
0.717,1.0466e-07
0.718,1.04766e-07
0.719,1.04872e-07
0.72,1.04977e-07
0.721,1.05083e-07
0.722,1.05188e-07
0.723,1.05293e-07
0.724,1.05398e-07
0.725,1.05503e-07
0.726,1.05607e-07
0.727,1.05712e-07
0.728,1.05816e-07
0.729,1.0592e-07
0.73,1.06024e-07
0.731,1.06128e-07
0.732,1.06232e-07
0.733,1.06335e-07
0.734,1.06439e-07
0.735,1.06542e-07
0.736,1.06645e-07
0.737,1.06748e-07
0.738,1.0685e-07
0.739,1.06953e-07
0.74,1.07055e-07
0.741,1.07158e-07
0.742,1.0726e-07
0.743,1.07361e-07
0.744,1.07463e-07
0.745,1.07565e-07
0.746,1.07666e-07
0.747,1.07767e-07
0.748,1.07868e-07
0.749,1.07969e-07
0.75,1.0807e-07
0.751,1.08171e-07
0.752,1.08271e-07
0.753,1.08371e-07
0.754,1.08471e-07
0.755,1.08571e-07
0.756,1.08671e-07
0.757,1.0877e-07
0.758,1.0887e-07
0.759,1.08969e-07
0.76,1.09068e-07
0.761,1.09167e-07
0.762,1.09266e-07
0.763,1.09364e-07
0.764,1.09463e-07
0.765,1.09561e-07
0.766,1.09659e-07
0.767,1.09757e-07
0.768,1.09855e-07
0.769,1.09952e-07
0.77,1.1005e-07
0.771,1.10147e-07
0.772,1.10244e-07
0.773,1.10341e-07
0.774,1.10438e-07
0.775,1.10534e-07
0.776,1.10631e-07
0.777,1.10727e-07
0.778,1.10823e-07
0.779,1.10919e-07
0.78,1.11014e-07
0.781,1.1111e-07
0.782,1.11205e-07
0.783,1.11301e-07
0.784,1.11396e-07
0.785,1.1149e-07
0.786,1.11585e-07
0.787,1.1168e-07
0.788,1.11774e-07
0.789,1.11868e-07
0.79,1.11962e-07
0.791,1.12056e-07
0.792,1.1215e-07
0.793,1.12243e-07
0.794,1.12337e-07
0.795,1.1243e-07
0.796,1.12523e-07
0.797,1.12616e-07
0.798,1.12708e-07
0.799,1.12801e-07
0.8,1.12893e-07
0.801,1.12985e-07
0.802,1.13077e-07
0.803,1.13169e-07
0.804,1.1326e-07
0.805,1.13352e-07
0.806,1.13443e-07
0.807,1.13534e-07
0.808,1.13625e-07
0.809,1.13716e-07
0.81,1.13806e-07
0.811,1.13897e-07
0.812,1.13987e-07
0.813,1.14077e-07
0.814,1.14167e-07
0.815,1.14257e-07
0.816,1.14346e-07
0.817,1.14435e-07
0.818,1.14525e-07
0.819,1.14613e-07
0.82,1.14702e-07
0.821,1.14791e-07
0.822,1.14879e-07
0.823,1.14968e-07
0.824,1.15056e-07
0.825,1.15144e-07
0.826,1.15231e-07
0.827,1.15319e-07
0.828,1.15406e-07
0.829,1.15494e-07
0.83,1.15581e-07
0.831,1.15668e-07
0.832,1.15754e-07
0.833,1.15841e-07
0.834,1.15927e-07
0.835,1.16013e-07
0.836,1.16099e-07
0.837,1.16185e-07
0.838,1.16271e-07
0.839,1.16356e-07
0.84,1.16441e-07
0.841,1.16527e-07
0.842,1.16611e-07
0.843,1.16696e-07
0.844,1.16781e-07
0.845,1.16865e-07
0.846,1.16949e-07
0.847,1.17033e-07
0.848,1.17117e-07
0.849,1.17201e-07
0.85,1.17284e-07
0.851,1.17368e-07
0.852,1.17451e-07
0.853,1.17534e-07
0.854,1.17616e-07
0.855,1.17699e-07
0.856,1.17781e-07
0.857,1.17864e-07
0.858,1.17946e-07
0.859,1.18028e-07
0.86,1.18109e-07
0.861,1.18191e-07
0.862,1.18272e-07
0.863,1.18353e-07
0.864,1.18434e-07
0.865,1.18515e-07
0.866,1.18595e-07
0.867,1.18676e-07
0.868,1.18756e-07
0.869,1.18836e-07
0.87,1.18916e-07
0.871,1.18996e-07
0.872,1.19075e-07
0.873,1.19154e-07
0.874,1.19234e-07
0.875,1.19312e-07
0.876,1.19391e-07
0.877,1.1947e-07
0.878,1.19548e-07
0.879,1.19626e-07
0.88,1.19704e-07
0.881,1.19782e-07
0.882,1.1986e-07
0.883,1.19937e-07
0.884,1.20015e-07
0.885,1.20092e-07
0.886,1.20169e-07
0.887,1.20245e-07
0.888,1.20322e-07
0.889,1.20398e-07
0.89,1.20474e-07
0.891,1.2055e-07
0.892,1.20626e-07
0.893,1.20702e-07
0.894,1.20777e-07
0.895,1.20853e-07
0.896,1.20928e-07
0.897,1.21003e-07
0.898,1.21077e-07
0.899,1.21152e-07
0.9,1.21226e-07
0.901,1.213e-07
0.902,1.21374e-07
0.903,1.21448e-07
0.904,1.21521e-07
0.905,1.21595e-07
0.906,1.21668e-07
0.907,1.21741e-07
0.908,1.21814e-07
0.909,1.21887e-07
0.91,1.21959e-07
0.911,1.22031e-07
0.912,1.22103e-07
0.913,1.22175e-07
0.914,1.22247e-07
0.915,1.22318e-07
0.916,1.2239e-07
0.917,1.22461e-07
0.918,1.22532e-07
0.919,1.22603e-07
0.92,1.22673e-07
0.921,1.22744e-07
0.922,1.22814e-07
0.923,1.22884e-07
0.924,1.22953e-07
0.925,1.23023e-07
0.926,1.23093e-07
0.927,1.23162e-07
0.928,1.23231e-07
0.929,1.233e-07
0.93,1.23368e-07
0.931,1.23437e-07
0.932,1.23505e-07
0.933,1.23573e-07
0.934,1.23641e-07
0.935,1.23709e-07
0.936,1.23776e-07
0.937,1.23844e-07
0.938,1.23911e-07
0.939,1.23978e-07
0.94,1.24045e-07
0.941,1.24111e-07
0.942,1.24178e-07
0.943,1.24244e-07
0.944,1.2431e-07
0.945,1.24376e-07
0.946,1.24441e-07
0.947,1.24507e-07
0.948,1.24572e-07
0.949,1.24637e-07
0.95,1.24702e-07
0.951,1.24766e-07
0.952,1.24831e-07
0.953,1.24895e-07
0.954,1.24959e-07
0.955,1.25023e-07
0.956,1.25087e-07
0.957,1.2515e-07
0.958,1.25214e-07
0.959,1.25277e-07
0.96,1.2534e-07
0.961,1.25402e-07
0.962,1.25465e-07
0.963,1.25527e-07
0.964,1.25589e-07
0.965,1.25651e-07
0.966,1.25713e-07
0.967,1.25775e-07
0.968,1.25836e-07
0.969,1.25897e-07
0.97,1.25958e-07
0.971,1.26019e-07
0.972,1.26079e-07
0.973,1.2614e-07
0.974,1.262e-07
0.975,1.2626e-07
0.976,1.2632e-07
0.977,1.26379e-07
0.978,1.26439e-07
0.979,1.26498e-07
0.98,1.26557e-07
0.981,1.26616e-07
0.982,1.26674e-07
0.983,1.26733e-07
0.984,1.26791e-07
0.985,1.26849e-07
0.986,1.26907e-07
0.987,1.26965e-07
0.988,1.27022e-07
0.989,1.27079e-07
0.99,1.27136e-07
0.991,1.27193e-07
0.992,1.2725e-07
0.993,1.27306e-07
0.994,1.27363e-07
0.995,1.27419e-07
0.996,1.27475e-07
0.997,1.2753e-07
0.998,1.27586e-07
0.999,1.27641e-07
1,1.27696e-07
1.001,1.27751e-07
1.002,1.27806e-07
1.003,1.2786e-07
1.004,1.27915e-07
1.005,1.27969e-07
1.006,1.28023e-07
1.007,1.28076e-07
1.008,1.2813e-07
1.009,1.28183e-07
1.01,1.28236e-07
1.011,1.28289e-07
1.012,1.28342e-07
1.013,1.28394e-07
1.014,1.28447e-07
1.015,1.28499e-07
1.016,1.28551e-07
1.017,1.28602e-07
1.018,1.28654e-07
1.019,1.28705e-07
1.02,1.28756e-07
1.021,1.28807e-07
1.022,1.28858e-07
1.023,1.28908e-07
1.024,1.28959e-07
1.025,1.29009e-07
1.026,1.29059e-07
1.027,1.29109e-07
1.028,1.29158e-07
1.029,1.29207e-07
1.03,1.29256e-07
1.031,1.29305e-07
1.032,1.29354e-07
1.033,1.29403e-07
1.034,1.29451e-07
1.035,1.29499e-07
1.036,1.29547e-07
1.037,1.29595e-07
1.038,1.29642e-07
1.039,1.29689e-07
1.04,1.29736e-07
1.041,1.29783e-07
1.042,1.2983e-07
1.043,1.29877e-07
1.044,1.29923e-07
1.045,1.29969e-07
1.046,1.30015e-07
1.047,1.30061e-07
1.048,1.30106e-07
1.049,1.30151e-07
1.05,1.30196e-07
1.051,1.30241e-07
1.052,1.30286e-07
1.053,1.3033e-07
1.054,1.30375e-07
1.055,1.30419e-07
1.056,1.30463e-07
1.057,1.30506e-07
1.058,1.3055e-07
1.059,1.30593e-07
1.06,1.30636e-07
1.061,1.30679e-07
1.062,1.30722e-07
1.063,1.30764e-07
1.064,1.30806e-07
1.065,1.30848e-07
1.066,1.3089e-07
1.067,1.30932e-07
1.068,1.30973e-07
1.069,1.31014e-07
1.07,1.31055e-07
1.071,1.31096e-07
1.072,1.31137e-07
1.073,1.31177e-07
1.074,1.31217e-07
1.075,1.31257e-07
1.076,1.31297e-07
1.077,1.31337e-07
1.078,1.31376e-07
1.079,1.31415e-07
1.08,1.31454e-07
1.081,1.31493e-07
1.082,1.31532e-07
1.083,1.3157e-07
1.084,1.31608e-07
1.085,1.31646e-07
1.086,1.31684e-07
1.087,1.31721e-07
1.088,1.31759e-07
1.089,1.31796e-07
1.09,1.31833e-07
1.091,1.31869e-07
1.092,1.31906e-07
1.093,1.31942e-07
1.094,1.31978e-07
1.095,1.32014e-07
1.096,1.3205e-07
1.097,1.32085e-07
1.098,1.32121e-07
1.099,1.32156e-07
1.1,1.3219e-07
1.101,1.32225e-07
1.102,1.3226e-07
1.103,1.32294e-07
1.104,1.32328e-07
1.105,1.32362e-07
1.106,1.32395e-07
1.107,1.32429e-07
1.108,1.32462e-07
1.109,1.32495e-07
1.11,1.32528e-07
1.111,1.3256e-07
1.112,1.32593e-07
1.113,1.32625e-07
1.114,1.32657e-07
1.115,1.32689e-07
1.116,1.3272e-07
1.117,1.32751e-07
1.118,1.32783e-07
1.119,1.32813e-07
1.12,1.32844e-07
1.121,1.32875e-07
1.122,1.32905e-07
1.123,1.32935e-07
1.124,1.32965e-07
1.125,1.32995e-07
1.126,1.33024e-07
1.127,1.33053e-07
1.128,1.33082e-07
1.129,1.33111e-07
1.13,1.3314e-07
1.131,1.33168e-07
1.132,1.33196e-07
1.133,1.33224e-07
1.134,1.33252e-07
1.135,1.3328e-07
1.136,1.33307e-07
1.137,1.33334e-07
1.138,1.33361e-07
1.139,1.33388e-07
1.14,1.33415e-07
1.141,1.33441e-07
1.142,1.33467e-07
1.143,1.33493e-07
1.144,1.33519e-07
1.145,1.33544e-07
1.146,1.3357e-07
1.147,1.33595e-07
1.148,1.33619e-07
1.149,1.33644e-07
1.15,1.33669e-07
1.151,1.33693e-07
1.152,1.33717e-07
1.153,1.33741e-07
1.154,1.33764e-07
1.155,1.33788e-07
1.156,1.33811e-07
1.157,1.33834e-07
1.158,1.33857e-07
1.159,1.33879e-07
1.16,1.33902e-07
1.161,1.33924e-07
1.162,1.33946e-07
1.163,1.33967e-07
1.164,1.33989e-07
1.165,1.3401e-07
1.166,1.34031e-07
1.167,1.34052e-07
1.168,1.34073e-07
1.169,1.34093e-07
1.17,1.34113e-07
1.171,1.34133e-07
1.172,1.34153e-07
1.173,1.34173e-07
1.174,1.34192e-07
1.175,1.34212e-07
1.176,1.3423e-07
1.177,1.34249e-07
1.178,1.34268e-07
1.179,1.34286e-07
1.18,1.34304e-07
1.181,1.34322e-07
1.182,1.3434e-07
1.183,1.34357e-07
1.184,1.34375e-07
1.185,1.34392e-07
1.186,1.34409e-07
1.187,1.34425e-07
1.188,1.34442e-07
1.189,1.34458e-07
1.19,1.34474e-07
1.191,1.3449e-07
1.192,1.34505e-07
1.193,1.34521e-07
1.194,1.34536e-07
1.195,1.34551e-07
1.196,1.34566e-07
1.197,1.3458e-07
1.198,1.34594e-07
1.199,1.34609e-07
1.2,1.34623e-07
1.201,1.34636e-07
1.202,1.3465e-07
1.203,1.34663e-07
1.204,1.34676e-07
1.205,1.34689e-07
1.206,1.34701e-07
1.207,1.34714e-07
1.208,1.34726e-07
1.209,1.34738e-07
1.21,1.3475e-07
1.211,1.34761e-07
1.212,1.34773e-07
1.213,1.34784e-07
1.214,1.34795e-07
1.215,1.34805e-07
1.216,1.34816e-07
1.217,1.34826e-07
1.218,1.34836e-07
1.219,1.34846e-07
1.22,1.34856e-07
1.221,1.34865e-07
1.222,1.34874e-07
1.223,1.34883e-07
1.224,1.34892e-07
1.225,1.34901e-07
1.226,1.34909e-07
1.227,1.34917e-07
1.228,1.34925e-07
1.229,1.34933e-07
1.23,1.34941e-07
1.231,1.34948e-07
1.232,1.34955e-07
1.233,1.34962e-07
1.234,1.34968e-07
1.235,1.34975e-07
1.236,1.34981e-07
1.237,1.34987e-07
1.238,1.34993e-07
1.239,1.34998e-07
1.24,1.35004e-07
1.241,1.35009e-07
1.242,1.35014e-07
1.243,1.35019e-07
1.244,1.35023e-07
1.245,1.35028e-07
1.246,1.35032e-07
1.247,1.35035e-07
1.248,1.35039e-07
1.249,1.35043e-07
1.25,1.35046e-07
1.251,1.35049e-07
1.252,1.35052e-07
1.253,1.35054e-07
1.254,1.35057e-07
1.255,1.35059e-07
1.256,1.35061e-07
1.257,1.35062e-07
1.258,1.35064e-07
1.259,1.35065e-07
1.26,1.35066e-07
1.261,1.35067e-07
1.262,1.35068e-07
1.263,1.35068e-07
1.264,1.35069e-07
1.265,1.35069e-07
1.266,1.35068e-07
1.267,1.35068e-07
1.268,1.35067e-07
1.269,1.35067e-07
1.27,1.35066e-07
1.271,1.35064e-07
1.272,1.35063e-07
1.273,1.35061e-07
1.274,1.35059e-07
1.275,1.35057e-07
1.276,1.35055e-07
1.277,1.35052e-07
1.278,1.35049e-07
1.279,1.35046e-07
1.28,1.35043e-07
1.281,1.3504e-07
1.282,1.35036e-07
1.283,1.35032e-07
1.284,1.35028e-07
1.285,1.35024e-07
1.286,1.35019e-07
1.287,1.35015e-07
1.288,1.3501e-07
1.289,1.35005e-07
1.29,1.34999e-07
1.291,1.34994e-07
1.292,1.34988e-07
1.293,1.34982e-07
1.294,1.34976e-07
1.295,1.34969e-07
1.296,1.34963e-07
1.297,1.34956e-07
1.298,1.34949e-07
1.299,1.34941e-07
1.3,1.34934e-07
1.301,1.34926e-07
1.302,1.34918e-07
1.303,1.3491e-07
1.304,1.34902e-07
1.305,1.34893e-07
1.306,1.34884e-07
1.307,1.34875e-07
1.308,1.34866e-07
1.309,1.34857e-07
1.31,1.34847e-07
1.311,1.34837e-07
1.312,1.34827e-07
1.313,1.34817e-07
1.314,1.34806e-07
1.315,1.34796e-07
1.316,1.34785e-07
1.317,1.34774e-07
1.318,1.34762e-07
1.319,1.34751e-07
1.32,1.34739e-07
1.321,1.34727e-07
1.322,1.34714e-07
1.323,1.34702e-07
1.324,1.34689e-07
1.325,1.34676e-07
1.326,1.34663e-07
1.327,1.3465e-07
1.328,1.34636e-07
1.329,1.34623e-07
1.33,1.34609e-07
1.331,1.34595e-07
1.332,1.3458e-07
1.333,1.34566e-07
1.334,1.34551e-07
1.335,1.34536e-07
1.336,1.3452e-07
1.337,1.34505e-07
1.338,1.34489e-07
1.339,1.34473e-07
1.34,1.34457e-07
1.341,1.34441e-07
1.342,1.34424e-07
1.343,1.34408e-07
1.344,1.34391e-07
1.345,1.34373e-07
1.346,1.34356e-07
1.347,1.34338e-07
1.348,1.34321e-07
1.349,1.34303e-07
1.35,1.34284e-07
1.351,1.34266e-07
1.352,1.34247e-07
1.353,1.34228e-07
1.354,1.34209e-07
1.355,1.3419e-07
1.356,1.3417e-07
1.357,1.3415e-07
1.358,1.3413e-07
1.359,1.3411e-07
1.36,1.3409e-07
1.361,1.34069e-07
1.362,1.34048e-07
1.363,1.34027e-07
1.364,1.34006e-07
1.365,1.33984e-07
1.366,1.33962e-07
1.367,1.33941e-07
1.368,1.33918e-07
1.369,1.33896e-07
1.37,1.33873e-07
1.371,1.33851e-07
1.372,1.33828e-07
1.373,1.33804e-07
1.374,1.33781e-07
1.375,1.33757e-07
1.376,1.33733e-07
1.377,1.33709e-07
1.378,1.33685e-07
1.379,1.3366e-07
1.38,1.33636e-07
1.381,1.33611e-07
1.382,1.33586e-07
1.383,1.3356e-07
1.384,1.33535e-07
1.385,1.33509e-07
1.386,1.33483e-07
1.387,1.33456e-07
1.388,1.3343e-07
1.389,1.33403e-07
1.39,1.33376e-07
1.391,1.33349e-07
1.392,1.33322e-07
1.393,1.33294e-07
1.394,1.33267e-07
1.395,1.33239e-07
1.396,1.33211e-07
1.397,1.33182e-07
1.398,1.33154e-07
1.399,1.33125e-07
1.4,1.33096e-07
1.401,1.33066e-07
1.402,1.33037e-07
1.403,1.33007e-07
1.404,1.32977e-07
1.405,1.32947e-07
1.406,1.32917e-07
1.407,1.32886e-07
1.408,1.32855e-07
1.409,1.32825e-07
1.41,1.32793e-07
1.411,1.32762e-07
1.412,1.3273e-07
1.413,1.32698e-07
1.414,1.32666e-07
1.415,1.32634e-07
1.416,1.32602e-07
1.417,1.32569e-07
1.418,1.32536e-07
1.419,1.32503e-07
1.42,1.32469e-07
1.421,1.32436e-07
1.422,1.32402e-07
1.423,1.32368e-07
1.424,1.32334e-07
1.425,1.32299e-07
1.426,1.32265e-07
1.427,1.3223e-07
1.428,1.32195e-07
1.429,1.3216e-07
1.43,1.32124e-07
1.431,1.32088e-07
1.432,1.32053e-07
1.433,1.32016e-07
1.434,1.3198e-07
1.435,1.31943e-07
1.436,1.31907e-07
1.437,1.3187e-07
1.438,1.31832e-07
1.439,1.31795e-07
1.44,1.31757e-07
1.441,1.3172e-07
1.442,1.31681e-07
1.443,1.31643e-07
1.444,1.31605e-07
1.445,1.31566e-07
1.446,1.31527e-07
1.447,1.31488e-07
1.448,1.31449e-07
1.449,1.31409e-07
1.45,1.31369e-07
1.451,1.31329e-07
1.452,1.31289e-07
1.453,1.31249e-07
1.454,1.31208e-07
1.455,1.31167e-07
1.456,1.31126e-07
1.457,1.31085e-07
1.458,1.31043e-07
1.459,1.31001e-07
1.46,1.3096e-07
1.461,1.30917e-07
1.462,1.30875e-07
1.463,1.30832e-07
1.464,1.3079e-07
1.465,1.30747e-07
1.466,1.30703e-07
1.467,1.3066e-07
1.468,1.30616e-07
1.469,1.30573e-07
1.47,1.30529e-07
1.471,1.30484e-07
1.472,1.3044e-07
1.473,1.30395e-07
1.474,1.3035e-07
1.475,1.30305e-07
1.476,1.3026e-07
1.477,1.30214e-07
1.478,1.30168e-07
1.479,1.30122e-07
1.48,1.30076e-07
1.481,1.3003e-07
1.482,1.29983e-07
1.483,1.29936e-07
1.484,1.29889e-07
1.485,1.29842e-07
1.486,1.29795e-07
1.487,1.29747e-07
1.488,1.29699e-07
1.489,1.29651e-07
1.49,1.29602e-07
1.491,1.29554e-07
1.492,1.29505e-07
1.493,1.29456e-07
1.494,1.29407e-07
1.495,1.29358e-07
1.496,1.29308e-07
1.497,1.29258e-07
1.498,1.29208e-07
1.499,1.29158e-07
1.5,1.29108e-07
1.501,1.29057e-07
1.502,1.29006e-07
1.503,1.28955e-07
1.504,1.28904e-07
1.505,1.28852e-07
1.506,1.288e-07
1.507,1.28748e-07
1.508,1.28696e-07
1.509,1.28644e-07
1.51,1.28591e-07
1.511,1.28539e-07
1.512,1.28486e-07
1.513,1.28432e-07
1.514,1.28379e-07
1.515,1.28325e-07
1.516,1.28272e-07
1.517,1.28218e-07
1.518,1.28163e-07
1.519,1.28109e-07
1.52,1.28054e-07
1.521,1.27999e-07
1.522,1.27944e-07
1.523,1.27889e-07
1.524,1.27833e-07
1.525,1.27778e-07
1.526,1.27722e-07
1.527,1.27665e-07
1.528,1.27609e-07
1.529,1.27552e-07
1.53,1.27496e-07
1.531,1.27439e-07
1.532,1.27381e-07
1.533,1.27324e-07
1.534,1.27266e-07
1.535,1.27209e-07
1.536,1.2715e-07
1.537,1.27092e-07
1.538,1.27034e-07
1.539,1.26975e-07
1.54,1.26916e-07
1.541,1.26857e-07
1.542,1.26798e-07
1.543,1.26738e-07
1.544,1.26678e-07
1.545,1.26618e-07
1.546,1.26558e-07
1.547,1.26498e-07
1.548,1.26437e-07
1.549,1.26377e-07
1.55,1.26316e-07
1.551,1.26254e-07
1.552,1.26193e-07
1.553,1.26131e-07
1.554,1.26069e-07
1.555,1.26007e-07
1.556,1.25945e-07
1.557,1.25883e-07
1.558,1.2582e-07
1.559,1.25757e-07
1.56,1.25694e-07
1.561,1.25631e-07
1.562,1.25567e-07
1.563,1.25504e-07
1.564,1.2544e-07
1.565,1.25375e-07
1.566,1.25311e-07
1.567,1.25247e-07
1.568,1.25182e-07
1.569,1.25117e-07
1.57,1.25052e-07
1.571,1.24986e-07
1.572,1.24921e-07
1.573,1.24855e-07
1.574,1.24789e-07
1.575,1.24723e-07
1.576,1.24656e-07
1.577,1.2459e-07
1.578,1.24523e-07
1.579,1.24456e-07
1.58,1.24388e-07
1.581,1.24321e-07
1.582,1.24253e-07
1.583,1.24185e-07
1.584,1.24117e-07
1.585,1.24049e-07
1.586,1.2398e-07
1.587,1.23912e-07
1.588,1.23843e-07
1.589,1.23774e-07
1.59,1.23704e-07
1.591,1.23635e-07
1.592,1.23565e-07
1.593,1.23495e-07
1.594,1.23425e-07
1.595,1.23355e-07
1.596,1.23284e-07
1.597,1.23213e-07
1.598,1.23142e-07
1.599,1.23071e-07
1.6,1.23e-07
1.601,1.22928e-07
1.602,1.22856e-07
1.603,1.22784e-07
1.604,1.22712e-07
1.605,1.2264e-07
1.606,1.22567e-07
1.607,1.22494e-07
1.608,1.22421e-07
1.609,1.22348e-07
1.61,1.22274e-07
1.611,1.22201e-07
1.612,1.22127e-07
1.613,1.22053e-07
1.614,1.21978e-07
1.615,1.21904e-07
1.616,1.21829e-07
1.617,1.21754e-07
1.618,1.21679e-07
1.619,1.21604e-07
1.62,1.21528e-07
1.621,1.21453e-07
1.622,1.21377e-07
1.623,1.21301e-07
1.624,1.21224e-07
1.625,1.21148e-07
1.626,1.21071e-07
1.627,1.20994e-07
1.628,1.20917e-07
1.629,1.2084e-07
1.63,1.20762e-07
1.631,1.20684e-07
1.632,1.20606e-07
1.633,1.20528e-07
1.634,1.2045e-07
1.635,1.20371e-07
1.636,1.20292e-07
1.637,1.20213e-07
1.638,1.20134e-07
1.639,1.20055e-07
1.64,1.19975e-07
1.641,1.19895e-07
1.642,1.19815e-07
1.643,1.19735e-07
1.644,1.19655e-07
1.645,1.19574e-07
1.646,1.19493e-07
1.647,1.19412e-07
1.648,1.19331e-07
1.649,1.1925e-07
1.65,1.19168e-07
1.651,1.19086e-07
1.652,1.19004e-07
1.653,1.18922e-07
1.654,1.1884e-07
1.655,1.18757e-07
1.656,1.18674e-07
1.657,1.18591e-07
1.658,1.18508e-07
1.659,1.18424e-07
1.66,1.18341e-07
1.661,1.18257e-07
1.662,1.18173e-07
1.663,1.18089e-07
1.664,1.18004e-07
1.665,1.1792e-07
1.666,1.17835e-07
1.667,1.1775e-07
1.668,1.17664e-07
1.669,1.17579e-07
1.67,1.17493e-07
1.671,1.17407e-07
1.672,1.17321e-07
1.673,1.17235e-07
1.674,1.17149e-07
1.675,1.17062e-07
1.676,1.16975e-07
1.677,1.16888e-07
1.678,1.16801e-07
1.679,1.16713e-07
1.68,1.16626e-07
1.681,1.16538e-07
1.682,1.1645e-07
1.683,1.16362e-07
1.684,1.16273e-07
1.685,1.16185e-07
1.686,1.16096e-07
1.687,1.16007e-07
1.688,1.15917e-07
1.689,1.15828e-07
1.69,1.15738e-07
1.691,1.15649e-07
1.692,1.15559e-07
1.693,1.15468e-07
1.694,1.15378e-07
1.695,1.15287e-07
1.696,1.15196e-07
1.697,1.15105e-07
1.698,1.15014e-07
1.699,1.14923e-07
1.7,1.14831e-07
1.701,1.14739e-07
1.702,1.14647e-07
1.703,1.14555e-07
1.704,1.14463e-07
1.705,1.1437e-07
1.706,1.14277e-07
1.707,1.14184e-07
1.708,1.14091e-07
1.709,1.13998e-07
1.71,1.13904e-07
1.711,1.1381e-07
1.712,1.13716e-07
1.713,1.13622e-07
1.714,1.13528e-07
1.715,1.13433e-07
1.716,1.13338e-07
1.717,1.13243e-07
1.718,1.13148e-07
1.719,1.13053e-07
1.72,1.12957e-07
1.721,1.12862e-07
1.722,1.12766e-07
1.723,1.1267e-07
1.724,1.12573e-07
1.725,1.12477e-07
1.726,1.1238e-07
1.727,1.12283e-07
1.728,1.12186e-07
1.729,1.12089e-07
1.73,1.11991e-07
1.731,1.11893e-07
1.732,1.11796e-07
1.733,1.11697e-07
1.734,1.11599e-07
1.735,1.11501e-07
1.736,1.11402e-07
1.737,1.11303e-07
1.738,1.11204e-07
1.739,1.11105e-07
1.74,1.11006e-07
1.741,1.10906e-07
1.742,1.10806e-07
1.743,1.10706e-07
1.744,1.10606e-07
1.745,1.10505e-07
1.746,1.10405e-07
1.747,1.10304e-07
1.748,1.10203e-07
1.749,1.10102e-07
1.75,1.10001e-07
1.751,1.09899e-07
1.752,1.09797e-07
1.753,1.09695e-07
1.754,1.09593e-07
1.755,1.09491e-07
1.756,1.09388e-07
1.757,1.09286e-07
1.758,1.09183e-07
1.759,1.0908e-07
1.76,1.08976e-07
1.761,1.08873e-07
1.762,1.08769e-07
1.763,1.08665e-07
1.764,1.08561e-07
1.765,1.08457e-07
1.766,1.08353e-07
1.767,1.08248e-07
1.768,1.08143e-07
1.769,1.08038e-07
1.77,1.07933e-07
1.771,1.07828e-07
1.772,1.07722e-07
1.773,1.07616e-07
1.774,1.07511e-07
1.775,1.07404e-07
1.776,1.07298e-07
1.777,1.07192e-07
1.778,1.07085e-07
1.779,1.06978e-07
1.78,1.06871e-07
1.781,1.06764e-07
1.782,1.06656e-07
1.783,1.06549e-07
1.784,1.06441e-07
1.785,1.06333e-07
1.786,1.06225e-07
1.787,1.06116e-07
1.788,1.06008e-07
1.789,1.05899e-07
1.79,1.0579e-07
1.791,1.05681e-07
1.792,1.05571e-07
1.793,1.05462e-07
1.794,1.05352e-07
1.795,1.05242e-07
1.796,1.05132e-07
1.797,1.05022e-07
1.798,1.04912e-07
1.799,1.04801e-07
1.8,1.0469e-07
1.801,1.04579e-07
1.802,1.04468e-07
1.803,1.04357e-07
1.804,1.04245e-07
1.805,1.04133e-07
1.806,1.04021e-07
1.807,1.03909e-07
1.808,1.03797e-07
1.809,1.03685e-07
1.81,1.03572e-07
1.811,1.03459e-07
1.812,1.03346e-07
1.813,1.03233e-07
1.814,1.03119e-07
1.815,1.03006e-07
1.816,1.02892e-07
1.817,1.02778e-07
1.818,1.02664e-07
1.819,1.0255e-07
1.82,1.02435e-07
1.821,1.0232e-07
1.822,1.02205e-07
1.823,1.0209e-07
1.824,1.01975e-07
1.825,1.0186e-07
1.826,1.01744e-07
1.827,1.01628e-07
1.828,1.01512e-07
1.829,1.01396e-07
1.83,1.0128e-07
1.831,1.01163e-07
1.832,1.01047e-07
1.833,1.0093e-07
1.834,1.00813e-07
1.835,1.00696e-07
1.836,1.00578e-07
1.837,1.00461e-07
1.838,1.00343e-07
1.839,1.00225e-07
1.84,1.00107e-07
1.841,9.99883e-08
1.842,9.98698e-08
1.843,9.97511e-08
1.844,9.96323e-08
1.845,9.95132e-08
1.846,9.9394e-08
1.847,9.92746e-08
1.848,9.9155e-08
1.849,9.90353e-08
1.85,9.89153e-08
1.851,9.87952e-08
1.852,9.86749e-08
1.853,9.85544e-08
1.854,9.84338e-08
1.855,9.83129e-08
1.856,9.81919e-08
1.857,9.80707e-08
1.858,9.79494e-08
1.859,9.78278e-08
1.86,9.77061e-08
1.861,9.75842e-08
1.862,9.74621e-08
1.863,9.73398e-08
1.864,9.72174e-08
1.865,9.70948e-08
1.866,9.6972e-08
1.867,9.6849e-08
1.868,9.67259e-08
1.869,9.66026e-08
1.87,9.64791e-08
1.871,9.63554e-08
1.872,9.62316e-08
1.873,9.61076e-08
1.874,9.59834e-08
1.875,9.5859e-08
1.876,9.57344e-08
1.877,9.56097e-08
1.878,9.54848e-08
1.879,9.53597e-08
1.88,9.52345e-08
1.881,9.51091e-08
1.882,9.49835e-08
1.883,9.48577e-08
1.884,9.47317e-08
1.885,9.46056e-08
1.886,9.44793e-08
1.887,9.43529e-08
1.888,9.42262e-08
1.889,9.40994e-08
1.89,9.39724e-08
1.891,9.38453e-08
1.892,9.37179e-08
1.893,9.35904e-08
1.894,9.34627e-08
1.895,9.33349e-08
1.896,9.32069e-08
1.897,9.30787e-08
1.898,9.29503e-08
1.899,9.28218e-08
1.9,9.2693e-08
1.901,9.25642e-08
1.902,9.24351e-08
1.903,9.23059e-08
1.904,9.21765e-08
1.905,9.20469e-08
1.906,9.19172e-08
1.907,9.17873e-08
1.908,9.16572e-08
1.909,9.15269e-08
1.91,9.13965e-08
1.911,9.12659e-08
1.912,9.11352e-08
1.913,9.10042e-08
1.914,9.08731e-08
1.915,9.07419e-08
1.916,9.06104e-08
1.917,9.04788e-08
1.918,9.0347e-08
1.919,9.02151e-08
1.92,9.0083e-08
1.921,8.99507e-08
1.922,8.98182e-08
1.923,8.96856e-08
1.924,8.95528e-08
1.925,8.94199e-08
1.926,8.92868e-08
1.927,8.91535e-08
1.928,8.902e-08
1.929,8.88864e-08
1.93,8.87526e-08
1.931,8.86186e-08
1.932,8.84845e-08
1.933,8.83502e-08
1.934,8.82158e-08
1.935,8.80812e-08
1.936,8.79464e-08
1.937,8.78114e-08
1.938,8.76763e-08
1.939,8.7541e-08
1.94,8.74056e-08
1.941,8.72699e-08
1.942,8.71342e-08
1.943,8.69982e-08
1.944,8.68621e-08
1.945,8.67258e-08
1.946,8.65894e-08
1.947,8.64528e-08
1.948,8.6316e-08
1.949,8.61791e-08
1.95,8.6042e-08
1.951,8.59047e-08
1.952,8.57673e-08
1.953,8.56297e-08
1.954,8.5492e-08
1.955,8.53541e-08
1.956,8.5216e-08
1.957,8.50778e-08
1.958,8.49394e-08
1.959,8.48008e-08
1.96,8.46621e-08
1.961,8.45232e-08
1.962,8.43842e-08
1.963,8.4245e-08
1.964,8.41056e-08
1.965,8.39661e-08
1.966,8.38264e-08
1.967,8.36865e-08
1.968,8.35465e-08
1.969,8.34063e-08
1.97,8.3266e-08
1.971,8.31255e-08
1.972,8.29849e-08
1.973,8.28441e-08
1.974,8.27031e-08
1.975,8.2562e-08
1.976,8.24207e-08
1.977,8.22792e-08
1.978,8.21376e-08
1.979,8.19958e-08
1.98,8.18539e-08
1.981,8.17118e-08
1.982,8.15696e-08
1.983,8.14272e-08
1.984,8.12846e-08
1.985,8.11419e-08
1.986,8.09991e-08
1.987,8.0856e-08
1.988,8.07128e-08
1.989,8.05695e-08
1.99,8.0426e-08
1.991,8.02823e-08
1.992,8.01385e-08
1.993,7.99946e-08
1.994,7.98504e-08
1.995,7.97062e-08
1.996,7.95617e-08
1.997,7.94171e-08
1.998,7.92724e-08
1.999,7.91275e-08
2,7.89824e-08
2.001,7.88372e-08
2.002,7.86918e-08
2.003,7.85463e-08
2.004,7.84007e-08
2.005,7.82548e-08
2.006,7.81088e-08
2.007,7.79627e-08
2.008,7.78164e-08
2.009,7.767e-08
2.01,7.75234e-08
2.011,7.73766e-08
2.012,7.72297e-08
2.013,7.70827e-08
2.014,7.69355e-08
2.015,7.67881e-08
2.016,7.66406e-08
2.017,7.64929e-08
2.018,7.63451e-08
2.019,7.61972e-08
2.02,7.6049e-08
2.021,7.59008e-08
2.022,7.57523e-08
2.023,7.56038e-08
2.024,7.54551e-08
2.025,7.53062e-08
2.026,7.51572e-08
2.027,7.5008e-08
2.028,7.48587e-08
2.029,7.47092e-08
2.03,7.45596e-08
2.031,7.44098e-08
2.032,7.42599e-08
2.033,7.41098e-08
2.034,7.39596e-08
2.035,7.38092e-08
2.036,7.36587e-08
2.037,7.35081e-08
2.038,7.33573e-08
2.039,7.32063e-08
2.04,7.30552e-08
2.041,7.29039e-08
2.042,7.27525e-08
2.043,7.2601e-08
2.044,7.24493e-08
2.045,7.22975e-08
2.046,7.21455e-08
2.047,7.19934e-08
2.048,7.18411e-08
2.049,7.16886e-08
2.05,7.15361e-08
2.051,7.13834e-08
2.052,7.12305e-08
2.053,7.10775e-08
2.054,7.09243e-08
2.055,7.07711e-08
2.056,7.06176e-08
2.057,7.0464e-08
2.058,7.03103e-08
2.059,7.01564e-08
2.06,7.00024e-08
2.061,6.98483e-08
2.062,6.9694e-08
2.063,6.95395e-08
2.064,6.93849e-08
2.065,6.92302e-08
2.066,6.90753e-08
2.067,6.89203e-08
2.068,6.87651e-08
2.069,6.86098e-08
2.07,6.84544e-08
2.071,6.82988e-08
2.072,6.81431e-08
2.073,6.79872e-08
2.074,6.78312e-08
2.075,6.76751e-08
2.076,6.75188e-08
2.077,6.73623e-08
2.078,6.72058e-08
2.079,6.70491e-08
2.08,6.68922e-08
2.081,6.67352e-08
2.082,6.65781e-08
2.083,6.64208e-08
2.084,6.62634e-08
2.085,6.61059e-08
2.086,6.59482e-08
2.087,6.57904e-08
2.088,6.56324e-08
2.089,6.54743e-08
2.09,6.53161e-08
2.091,6.51577e-08
2.092,6.49992e-08
2.093,6.48405e-08
2.094,6.46817e-08
2.095,6.45228e-08
2.096,6.43637e-08
2.097,6.42045e-08
2.098,6.40452e-08
2.099,6.38857e-08
2.1,6.37261e-08
2.101,6.35664e-08
2.102,6.34065e-08
2.103,6.32465e-08
2.104,6.30864e-08
2.105,6.29261e-08
2.106,6.27657e-08
2.107,6.26051e-08
2.108,6.24444e-08
2.109,6.22836e-08
2.11,6.21227e-08
2.111,6.19616e-08
2.112,6.18004e-08
2.113,6.1639e-08
2.114,6.14775e-08
2.115,6.13159e-08
2.116,6.11541e-08
2.117,6.09923e-08
2.118,6.08302e-08
2.119,6.06681e-08
2.12,6.05058e-08
2.121,6.03434e-08
2.122,6.01809e-08
2.123,6.00182e-08
2.124,5.98554e-08
2.125,5.96924e-08
2.126,5.95294e-08
2.127,5.93662e-08
2.128,5.92029e-08
2.129,5.90394e-08
2.13,5.88758e-08
2.131,5.87121e-08
2.132,5.85482e-08
2.133,5.83843e-08
2.134,5.82202e-08
2.135,5.80559e-08
2.136,5.78916e-08
2.137,5.77271e-08
2.138,5.75625e-08
2.139,5.73977e-08
2.14,5.72329e-08
2.141,5.70679e-08
2.142,5.69027e-08
2.143,5.67375e-08
2.144,5.65721e-08
2.145,5.64066e-08
2.146,5.62409e-08
2.147,5.60752e-08
2.148,5.59093e-08
2.149,5.57433e-08
2.15,5.55772e-08
2.151,5.54109e-08
2.152,5.52445e-08
2.153,5.5078e-08
2.154,5.49114e-08
2.155,5.47446e-08
2.156,5.45777e-08
2.157,5.44107e-08
2.158,5.42436e-08
2.159,5.40763e-08
2.16,5.39089e-08
2.161,5.37414e-08
2.162,5.35738e-08
2.163,5.3406e-08
2.164,5.32382e-08
2.165,5.30702e-08
2.166,5.29021e-08
2.167,5.27338e-08
2.168,5.25655e-08
2.169,5.2397e-08
2.17,5.22284e-08
2.171,5.20596e-08
2.172,5.18908e-08
2.173,5.17218e-08
2.174,5.15527e-08
2.175,5.13835e-08
2.176,5.12142e-08
2.177,5.10448e-08
2.178,5.08752e-08
2.179,5.07055e-08
2.18,5.05357e-08
2.181,5.03658e-08
2.182,5.01957e-08
2.183,5.00256e-08
2.184,4.98553e-08
2.185,4.96849e-08
2.186,4.95144e-08
2.187,4.93438e-08
2.188,4.9173e-08
2.189,4.90021e-08
2.19,4.88312e-08
2.191,4.86601e-08
2.192,4.84888e-08
2.193,4.83175e-08
2.194,4.81461e-08
2.195,4.79745e-08
2.196,4.78028e-08
2.197,4.7631e-08
2.198,4.74591e-08
2.199,4.72871e-08
2.2,4.71149e-08
2.201,4.69427e-08
2.202,4.67703e-08
2.203,4.65978e-08
2.204,4.64252e-08
2.205,4.62525e-08
2.206,4.60797e-08
2.207,4.59068e-08
2.208,4.57337e-08
2.209,4.55606e-08
2.21,4.53873e-08
2.211,4.52139e-08
2.212,4.50404e-08
2.213,4.48668e-08
2.214,4.46931e-08
2.215,4.45192e-08
2.216,4.43453e-08
2.217,4.41712e-08
2.218,4.39971e-08
2.219,4.38228e-08
2.22,4.36484e-08
2.221,4.34739e-08
2.222,4.32993e-08
2.223,4.31246e-08
2.224,4.29497e-08
2.225,4.27748e-08
2.226,4.25998e-08
2.227,4.24246e-08
2.228,4.22493e-08
2.229,4.2074e-08
2.23,4.18985e-08
2.231,4.17229e-08
2.232,4.15472e-08
2.233,4.13714e-08
2.234,4.11955e-08
2.235,4.10195e-08
2.236,4.08434e-08
2.237,4.06671e-08
2.238,4.04908e-08
2.239,4.03144e-08
2.24,4.01378e-08
2.241,3.99612e-08
2.242,3.97844e-08
2.243,3.96076e-08
2.244,3.94306e-08
2.245,3.92535e-08
2.246,3.90763e-08
2.247,3.88991e-08
2.248,3.87217e-08
2.249,3.85442e-08
2.25,3.83666e-08
2.251,3.81889e-08
2.252,3.80111e-08
2.253,3.78332e-08
2.254,3.76552e-08
2.255,3.74771e-08
2.256,3.72989e-08
2.257,3.71206e-08
2.258,3.69422e-08
2.259,3.67637e-08
2.26,3.65851e-08
2.261,3.64064e-08
2.262,3.62275e-08
2.263,3.60486e-08
2.264,3.58696e-08
2.265,3.56905e-08
2.266,3.55113e-08
2.267,3.5332e-08
2.268,3.51526e-08
2.269,3.4973e-08
2.27,3.47934e-08
2.271,3.46137e-08
2.272,3.44339e-08
2.273,3.4254e-08
2.274,3.4074e-08
2.275,3.38939e-08
2.276,3.37137e-08
2.277,3.35334e-08
2.278,3.3353e-08
2.279,3.31725e-08
2.28,3.29919e-08
2.281,3.28113e-08
2.282,3.26305e-08
2.283,3.24496e-08
2.284,3.22686e-08
2.285,3.20876e-08
2.286,3.19064e-08
2.287,3.17252e-08
2.288,3.15438e-08
2.289,3.13624e-08
2.29,3.11808e-08
2.291,3.09992e-08
2.292,3.08175e-08
2.293,3.06357e-08
2.294,3.04537e-08
2.295,3.02717e-08
2.296,3.00896e-08
2.297,2.99075e-08
2.298,2.97252e-08
2.299,2.95428e-08
2.3,2.93603e-08
2.301,2.91778e-08
2.302,2.89951e-08
2.303,2.88124e-08
2.304,2.86296e-08
2.305,2.84466e-08
2.306,2.82636e-08
2.307,2.80805e-08
2.308,2.78973e-08
2.309,2.77141e-08
2.31,2.75307e-08
2.311,2.73472e-08
2.312,2.71637e-08
2.313,2.698e-08
2.314,2.67963e-08
2.315,2.66125e-08
2.316,2.64286e-08
2.317,2.62446e-08
2.318,2.60605e-08
2.319,2.58764e-08
2.32,2.56921e-08
2.321,2.55078e-08
2.322,2.53234e-08
2.323,2.51389e-08
2.324,2.49543e-08
2.325,2.47696e-08
2.326,2.45848e-08
2.327,2.44e-08
2.328,2.4215e-08
2.329,2.403e-08
2.33,2.38449e-08
2.331,2.36597e-08
2.332,2.34744e-08
2.333,2.32891e-08
2.334,2.31036e-08
2.335,2.29181e-08
2.336,2.27325e-08
2.337,2.25468e-08
2.338,2.2361e-08
2.339,2.21752e-08
2.34,2.19892e-08
2.341,2.18032e-08
2.342,2.16171e-08
2.343,2.14309e-08
2.344,2.12447e-08
2.345,2.10583e-08
2.346,2.08719e-08
2.347,2.06854e-08
2.348,2.04988e-08
2.349,2.03121e-08
2.35,2.01254e-08
2.351,1.99386e-08
2.352,1.97517e-08
2.353,1.95647e-08
2.354,1.93776e-08
2.355,1.91905e-08
2.356,1.90033e-08
2.357,1.8816e-08
2.358,1.86286e-08
2.359,1.84411e-08
2.36,1.82536e-08
2.361,1.8066e-08
2.362,1.78783e-08
2.363,1.76906e-08
2.364,1.75027e-08
2.365,1.73148e-08
2.366,1.71268e-08
2.367,1.69388e-08
2.368,1.67506e-08
2.369,1.65624e-08
2.37,1.63741e-08
2.371,1.61858e-08
2.372,1.59973e-08
2.373,1.58088e-08
2.374,1.56202e-08
2.375,1.54316e-08
2.376,1.52429e-08
2.377,1.50541e-08
2.378,1.48652e-08
2.379,1.46762e-08
2.38,1.44872e-08
2.381,1.42981e-08
2.382,1.41089e-08
2.383,1.39197e-08
2.384,1.37304e-08
2.385,1.3541e-08
2.386,1.33516e-08
2.387,1.31621e-08
2.388,1.29725e-08
2.389,1.27828e-08
2.39,1.25931e-08
2.391,1.24033e-08
2.392,1.22134e-08
2.393,1.20235e-08
2.394,1.18335e-08
2.395,1.16434e-08
2.396,1.14532e-08
2.397,1.1263e-08
2.398,1.10728e-08
2.399,1.08824e-08
2.4,1.0692e-08
2.401,1.05015e-08
2.402,1.0311e-08
2.403,1.01204e-08
2.404,9.92968e-09
2.405,9.73894e-09
2.406,9.54813e-09
2.407,9.35725e-09
2.408,9.16631e-09
2.409,8.9753e-09
2.41,8.78423e-09
2.411,8.59309e-09
2.412,8.40189e-09
2.413,8.21063e-09
2.414,8.0193e-09
2.415,7.82791e-09
2.416,7.63645e-09
2.417,7.44494e-09
2.418,7.25336e-09
2.419,7.06171e-09
2.42,6.87001e-09
2.421,6.67824e-09
2.422,6.48641e-09
2.423,6.29452e-09
2.424,6.10257e-09
2.425,5.91056e-09
2.426,5.71849e-09
2.427,5.52635e-09
2.428,5.33416e-09
2.429,5.14191e-09
2.43,4.9496e-09
2.431,4.75722e-09
2.432,4.56479e-09
2.433,4.3723e-09
2.434,4.17975e-09
2.435,3.98715e-09
2.436,3.79448e-09
2.437,3.60176e-09
2.438,3.40898e-09
2.439,3.21614e-09
2.44,3.02325e-09
2.441,2.8303e-09
2.442,2.63729e-09
2.443,2.44422e-09
2.444,2.2511e-09
2.445,2.05793e-09
2.446,1.86469e-09
2.447,1.67141e-09
2.448,1.47807e-09
2.449,1.28467e-09
2.45,1.09122e-09
2.451,8.97712e-10
2.452,7.04152e-10
2.453,5.10539e-10
2.454,3.16872e-10
2.455,1.23152e-10
2.456,7.06203e-11
2.457,2.64446e-10
2.458,4.58324e-10
2.459,6.52254e-10
2.46,8.46236e-10
2.461,1.04027e-09
2.462,1.23435e-09
2.463,1.42849e-09
2.464,1.62268e-09
2.465,1.81691e-09
2.466,2.0112e-09
2.467,2.20554e-09
2.468,2.39993e-09
2.469,2.59437e-09
2.47,2.78885e-09
2.471,2.98339e-09
2.472,3.17797e-09
2.473,3.37261e-09
2.474,3.56729e-09
2.475,3.76202e-09
2.476,3.95679e-09
2.477,4.15162e-09
2.478,4.34649e-09
2.479,4.54141e-09
2.48,4.73638e-09
2.481,4.93139e-09
2.482,5.12645e-09
2.483,5.32155e-09
2.484,5.5167e-09
2.485,5.7119e-09
2.486,5.90714e-09
2.487,6.10242e-09
2.488,6.29775e-09
2.489,6.49313e-09
2.49,6.68855e-09
2.491,6.88401e-09
2.492,7.07951e-09
2.493,7.27506e-09
2.494,7.47066e-09
2.495,7.66629e-09
2.496,7.86197e-09
2.497,8.05769e-09
2.498,8.25345e-09
2.499,8.44926e-09
2.5,8.6451e-09
2.501,8.84099e-09
2.502,9.03691e-09
2.503,9.23288e-09
2.504,9.42889e-09
2.505,9.62494e-09
2.506,9.82103e-09
2.507,1.00172e-08
2.508,1.02133e-08
2.509,1.04095e-08
2.51,1.06058e-08
2.511,1.08021e-08
2.512,1.09984e-08
2.513,1.11947e-08
2.514,1.13911e-08
2.515,1.15876e-08
2.516,1.17841e-08
2.517,1.19806e-08
2.518,1.21771e-08
2.519,1.23737e-08
2.52,1.25703e-08
2.521,1.2767e-08
2.522,1.29637e-08
2.523,1.31604e-08
2.524,1.33571e-08
2.525,1.35539e-08
2.526,1.37508e-08
2.527,1.39476e-08
2.528,1.41445e-08
2.529,1.43415e-08
2.53,1.45384e-08
2.531,1.47354e-08
2.532,1.49325e-08
2.533,1.51295e-08
2.534,1.53266e-08
2.535,1.55238e-08
2.536,1.57209e-08
2.537,1.59181e-08
2.538,1.61154e-08
2.539,1.63126e-08
2.54,1.65099e-08
2.541,1.67072e-08
2.542,1.69046e-08
2.543,1.7102e-08
2.544,1.72994e-08
2.545,1.74968e-08
2.546,1.76943e-08
2.547,1.78918e-08
2.548,1.80893e-08
2.549,1.82869e-08
2.55,1.84844e-08
2.551,1.8682e-08
2.552,1.88797e-08
2.553,1.90774e-08
2.554,1.9275e-08
2.555,1.94728e-08
2.556,1.96705e-08
2.557,1.98683e-08
2.558,2.00661e-08
2.559,2.02639e-08
2.56,2.04618e-08
2.561,2.06596e-08
2.562,2.08575e-08
2.563,2.10555e-08
2.564,2.12534e-08
2.565,2.14514e-08
2.566,2.16494e-08
2.567,2.18474e-08
2.568,2.20455e-08
2.569,2.22435e-08
2.57,2.24416e-08
2.571,2.26397e-08
2.572,2.28379e-08
2.573,2.3036e-08
2.574,2.32342e-08
2.575,2.34324e-08
2.576,2.36306e-08
2.577,2.38289e-08
2.578,2.40271e-08
2.579,2.42254e-08
2.58,2.44237e-08
2.581,2.46221e-08
2.582,2.48204e-08
2.583,2.50188e-08
2.584,2.52172e-08
2.585,2.54156e-08
2.586,2.5614e-08
2.587,2.58124e-08
2.588,2.60109e-08
2.589,2.62094e-08
2.59,2.64079e-08
2.591,2.66064e-08
2.592,2.68049e-08
2.593,2.70034e-08
2.594,2.7202e-08
2.595,2.74006e-08
2.596,2.75992e-08
2.597,2.77978e-08
2.598,2.79964e-08
2.599,2.8195e-08
2.6,2.83937e-08
2.601,2.85924e-08
2.602,2.8791e-08
2.603,2.89897e-08
2.604,2.91885e-08
2.605,2.93872e-08
2.606,2.95859e-08
2.607,2.97847e-08
2.608,2.99834e-08
2.609,3.01822e-08
2.61,3.0381e-08
2.611,3.05798e-08
2.612,3.07786e-08
2.613,3.09774e-08
2.614,3.11763e-08
2.615,3.13751e-08
2.616,3.1574e-08
2.617,3.17728e-08
2.618,3.19717e-08
2.619,3.21706e-08
2.62,3.23695e-08
2.621,3.25684e-08
2.622,3.27673e-08
2.623,3.29662e-08
2.624,3.31651e-08
2.625,3.33641e-08
2.626,3.3563e-08
2.627,3.3762e-08
2.628,3.39609e-08
2.629,3.41599e-08
2.63,3.43589e-08
2.631,3.45578e-08
2.632,3.47568e-08
2.633,3.49558e-08
2.634,3.51548e-08
2.635,3.53538e-08
2.636,3.55528e-08
2.637,3.57518e-08
2.638,3.59509e-08
2.639,3.61499e-08
2.64,3.63489e-08
2.641,3.65479e-08
2.642,3.6747e-08
2.643,3.6946e-08
2.644,3.7145e-08
2.645,3.73441e-08
2.646,3.75431e-08
2.647,3.77422e-08
2.648,3.79412e-08
2.649,3.81403e-08
2.65,3.83393e-08
2.651,3.85384e-08
2.652,3.87374e-08
2.653,3.89365e-08
2.654,3.91355e-08
2.655,3.93346e-08
2.656,3.95336e-08
2.657,3.97327e-08
2.658,3.99317e-08
2.659,4.01308e-08
2.66,4.03298e-08
2.661,4.05289e-08
2.662,4.07279e-08
2.663,4.0927e-08
2.664,4.1126e-08
2.665,4.1325e-08
2.666,4.15241e-08
2.667,4.17231e-08
2.668,4.19221e-08
2.669,4.21212e-08
2.67,4.23202e-08
2.671,4.25192e-08
2.672,4.27182e-08
2.673,4.29172e-08
2.674,4.31162e-08
2.675,4.33152e-08
2.676,4.35142e-08
2.677,4.37132e-08
2.678,4.39121e-08
2.679,4.41111e-08
2.68,4.43101e-08
2.681,4.4509e-08
2.682,4.4708e-08
2.683,4.49069e-08
2.684,4.51058e-08
2.685,4.53048e-08
2.686,4.55037e-08
2.687,4.57026e-08
2.688,4.59015e-08
2.689,4.61004e-08
2.69,4.62992e-08
2.691,4.64981e-08
2.692,4.6697e-08
2.693,4.68958e-08
2.694,4.70946e-08
2.695,4.72935e-08
2.696,4.74923e-08
2.697,4.76911e-08
2.698,4.78899e-08
2.699,4.80887e-08
2.7,4.82874e-08
2.701,4.84862e-08
2.702,4.86849e-08
2.703,4.88836e-08
2.704,4.90824e-08
2.705,4.92811e-08
2.706,4.94797e-08
2.707,4.96784e-08
2.708,4.98771e-08
2.709,5.00757e-08
2.71,5.02743e-08
2.711,5.04729e-08
2.712,5.06715e-08
2.713,5.08701e-08
2.714,5.10687e-08
2.715,5.12672e-08
2.716,5.14658e-08
2.717,5.16643e-08
2.718,5.18628e-08
2.719,5.20612e-08
2.72,5.22597e-08
2.721,5.24582e-08
2.722,5.26566e-08
2.723,5.2855e-08
2.724,5.30534e-08
2.725,5.32517e-08
2.726,5.34501e-08
2.727,5.36484e-08
2.728,5.38467e-08
2.729,5.4045e-08
2.73,5.42433e-08
2.731,5.44415e-08
2.732,5.46397e-08
2.733,5.48379e-08
2.734,5.50361e-08
2.735,5.52343e-08
2.736,5.54324e-08
2.737,5.56305e-08
2.738,5.58286e-08
2.739,5.60267e-08
2.74,5.62247e-08
2.741,5.64228e-08
2.742,5.66207e-08
2.743,5.68187e-08
2.744,5.70167e-08
2.745,5.72146e-08
2.746,5.74125e-08
2.747,5.76104e-08
2.748,5.78082e-08
2.749,5.8006e-08
2.75,5.82038e-08
2.751,5.84016e-08
2.752,5.85993e-08
2.753,5.87971e-08
2.754,5.89947e-08
2.755,5.91924e-08
2.756,5.939e-08
2.757,5.95876e-08
2.758,5.97852e-08
2.759,5.99828e-08
2.76,6.01803e-08
2.761,6.03778e-08
2.762,6.05752e-08
2.763,6.07727e-08
2.764,6.09701e-08
2.765,6.11675e-08
2.766,6.13648e-08
2.767,6.15621e-08
2.768,6.17594e-08
2.769,6.19566e-08
2.77,6.21538e-08
2.771,6.2351e-08
2.772,6.25482e-08
2.773,6.27453e-08
2.774,6.29424e-08
2.775,6.31394e-08
2.776,6.33365e-08
2.777,6.35334e-08
2.778,6.37304e-08
2.779,6.39273e-08
2.78,6.41242e-08
2.781,6.43211e-08
2.782,6.45179e-08
2.783,6.47146e-08
2.784,6.49114e-08
2.785,6.51081e-08
2.786,6.53048e-08
2.787,6.55014e-08
2.788,6.5698e-08
2.789,6.58946e-08
2.79,6.60911e-08
2.791,6.62876e-08
2.792,6.6484e-08
2.793,6.66804e-08
2.794,6.68768e-08
2.795,6.70732e-08
2.796,6.72695e-08
2.797,6.74657e-08
2.798,6.76619e-08
2.799,6.78581e-08
2.8,6.80543e-08
2.801,6.82503e-08
2.802,6.84464e-08
2.803,6.86424e-08
2.804,6.88384e-08
2.805,6.90343e-08
2.806,6.92302e-08
2.807,6.94261e-08
2.808,6.96219e-08
2.809,6.98177e-08
2.81,7.00134e-08
2.811,7.02091e-08
2.812,7.04047e-08
2.813,7.06003e-08
2.814,7.07959e-08
2.815,7.09914e-08
2.816,7.11868e-08
2.817,7.13823e-08
2.818,7.15776e-08
2.819,7.1773e-08
2.82,7.19682e-08
2.821,7.21635e-08
2.822,7.23587e-08
2.823,7.25538e-08
2.824,7.27489e-08
2.825,7.2944e-08
2.826,7.3139e-08
2.827,7.33339e-08
2.828,7.35289e-08
2.829,7.37237e-08
2.83,7.39185e-08
2.831,7.41133e-08
2.832,7.4308e-08
2.833,7.45027e-08
2.834,7.46973e-08
2.835,7.48919e-08
2.836,7.50864e-08
2.837,7.52809e-08
2.838,7.54753e-08
2.839,7.56697e-08
2.84,7.5864e-08
2.841,7.60583e-08
2.842,7.62525e-08
2.843,7.64466e-08
2.844,7.66408e-08
2.845,7.68348e-08
2.846,7.70288e-08
2.847,7.72228e-08
2.848,7.74167e-08
2.849,7.76105e-08
2.85,7.78043e-08
2.851,7.79981e-08
2.852,7.81918e-08
2.853,7.83854e-08
2.854,7.8579e-08
2.855,7.87725e-08
2.856,7.8966e-08
2.857,7.91594e-08
2.858,7.93527e-08
2.859,7.9546e-08
2.86,7.97393e-08
2.861,7.99325e-08
2.862,8.01256e-08
2.863,8.03187e-08
2.864,8.05117e-08
2.865,8.07047e-08
2.866,8.08976e-08
2.867,8.10904e-08
2.868,8.12832e-08
2.869,8.14759e-08
2.87,8.16686e-08
2.871,8.18612e-08
2.872,8.20537e-08
2.873,8.22462e-08
2.874,8.24387e-08
2.875,8.2631e-08
2.876,8.28233e-08
2.877,8.30156e-08
2.878,8.32078e-08
2.879,8.33999e-08
2.88,8.3592e-08
2.881,8.3784e-08
2.882,8.39759e-08
2.883,8.41678e-08
2.884,8.43596e-08
2.885,8.45513e-08
2.886,8.4743e-08
2.887,8.49346e-08
2.888,8.51262e-08
2.889,8.53177e-08
2.89,8.55091e-08
2.891,8.57005e-08
2.892,8.58918e-08
2.893,8.6083e-08
2.894,8.62742e-08
2.895,8.64653e-08
2.896,8.66563e-08
2.897,8.68473e-08
2.898,8.70382e-08
2.899,8.7229e-08
2.9,8.74198e-08
2.901,8.76105e-08
2.902,8.78011e-08
2.903,8.79917e-08
2.904,8.81822e-08
2.905,8.83726e-08
2.906,8.8563e-08
2.907,8.87533e-08
2.908,8.89435e-08
2.909,8.91337e-08
2.91,8.93237e-08
2.911,8.95138e-08
2.912,8.97037e-08
2.913,8.98936e-08
2.914,9.00834e-08
2.915,9.02731e-08
2.916,9.04628e-08
2.917,9.06523e-08
2.918,9.08419e-08
2.919,9.10313e-08
2.92,9.12207e-08
2.921,9.141e-08
2.922,9.15992e-08
2.923,9.17883e-08
2.924,9.19774e-08
2.925,9.21664e-08
2.926,9.23553e-08
2.927,9.25442e-08
2.928,9.2733e-08
2.929,9.29217e-08
2.93,9.31103e-08
2.931,9.32988e-08
2.932,9.34873e-08
2.933,9.36757e-08
2.934,9.3864e-08
2.935,9.40523e-08
2.936,9.42405e-08
2.937,9.44286e-08
2.938,9.46166e-08
2.939,9.48045e-08
2.94,9.49924e-08
2.941,9.51801e-08
2.942,9.53678e-08
2.943,9.55555e-08
2.944,9.5743e-08
2.945,9.59305e-08
2.946,9.61179e-08
2.947,9.63052e-08
2.948,9.64924e-08
2.949,9.66795e-08
2.95,9.68666e-08
2.951,9.70536e-08
2.952,9.72405e-08
2.953,9.74273e-08
2.954,9.7614e-08
2.955,9.78007e-08
2.956,9.79873e-08
2.957,9.81738e-08
2.958,9.83602e-08
2.959,9.85465e-08
2.96,9.87327e-08
2.961,9.89189e-08
2.962,9.9105e-08
2.963,9.9291e-08
2.964,9.94769e-08
2.965,9.96627e-08
2.966,9.98484e-08
2.967,1.00034e-07
2.968,1.0022e-07
2.969,1.00405e-07
2.97,1.00591e-07
2.971,1.00776e-07
2.972,1.00961e-07
2.973,1.01146e-07
2.974,1.01331e-07
2.975,1.01516e-07
2.976,1.01701e-07
2.977,1.01886e-07
2.978,1.02071e-07
2.979,1.02255e-07
2.98,1.0244e-07
2.981,1.02624e-07
2.982,1.02808e-07
2.983,1.02993e-07
2.984,1.03177e-07
2.985,1.03361e-07
2.986,1.03545e-07
2.987,1.03729e-07
2.988,1.03913e-07
2.989,1.04096e-07
2.99,1.0428e-07
2.991,1.04463e-07
2.992,1.04647e-07
2.993,1.0483e-07
2.994,1.05013e-07
2.995,1.05197e-07
2.996,1.0538e-07
2.997,1.05563e-07
2.998,1.05745e-07
2.999,1.05928e-07
3,1.06111e-07
3.001,1.06294e-07
3.002,1.06476e-07
3.003,1.06658e-07
3.004,1.06841e-07
3.005,1.07023e-07
3.006,1.07205e-07
3.007,1.07387e-07
3.008,1.07569e-07
3.009,1.07751e-07
3.01,1.07933e-07
3.011,1.08114e-07
3.012,1.08296e-07
3.013,1.08477e-07
3.014,1.08659e-07
3.015,1.0884e-07
3.016,1.09021e-07
3.017,1.09202e-07
3.018,1.09383e-07
3.019,1.09564e-07
3.02,1.09744e-07
3.021,1.09925e-07
3.022,1.10106e-07
3.023,1.10286e-07
3.024,1.10466e-07
3.025,1.10647e-07
3.026,1.10827e-07
3.027,1.11007e-07
3.028,1.11187e-07
3.029,1.11367e-07
3.03,1.11546e-07
3.031,1.11726e-07
3.032,1.11906e-07
3.033,1.12085e-07
3.034,1.12264e-07
3.035,1.12444e-07
3.036,1.12623e-07
3.037,1.12802e-07
3.038,1.12981e-07
3.039,1.13159e-07
3.04,1.13338e-07
3.041,1.13517e-07
3.042,1.13695e-07
3.043,1.13874e-07
3.044,1.14052e-07
3.045,1.1423e-07
3.046,1.14408e-07
3.047,1.14586e-07
3.048,1.14764e-07
3.049,1.14942e-07
3.05,1.15119e-07
3.051,1.15297e-07
3.052,1.15474e-07
3.053,1.15652e-07
3.054,1.15829e-07
3.055,1.16006e-07
3.056,1.16183e-07
3.057,1.1636e-07
3.058,1.16537e-07
3.059,1.16713e-07
3.06,1.1689e-07
3.061,1.17066e-07
3.062,1.17243e-07
3.063,1.17419e-07
3.064,1.17595e-07
3.065,1.17771e-07
3.066,1.17947e-07
3.067,1.18123e-07
3.068,1.18298e-07
3.069,1.18474e-07
3.07,1.18649e-07
3.071,1.18825e-07
3.072,1.19e-07
3.073,1.19175e-07
3.074,1.1935e-07
3.075,1.19525e-07
3.076,1.197e-07
3.077,1.19874e-07
3.078,1.20049e-07
3.079,1.20223e-07
3.08,1.20398e-07
3.081,1.20572e-07
3.082,1.20746e-07
3.083,1.2092e-07
3.084,1.21094e-07
3.085,1.21267e-07
3.086,1.21441e-07
3.087,1.21615e-07
3.088,1.21788e-07
3.089,1.21961e-07
3.09,1.22134e-07
3.091,1.22307e-07
3.092,1.2248e-07
3.093,1.22653e-07
3.094,1.22826e-07
3.095,1.22998e-07
3.096,1.23171e-07
3.097,1.23343e-07
3.098,1.23515e-07
3.099,1.23687e-07
3.1,1.23859e-07
3.101,1.24031e-07
3.102,1.24203e-07
3.103,1.24374e-07
3.104,1.24546e-07
3.105,1.24717e-07
3.106,1.24888e-07
3.107,1.2506e-07
3.108,1.25231e-07
3.109,1.25401e-07
3.11,1.25572e-07
3.111,1.25743e-07
3.112,1.25913e-07
3.113,1.26084e-07
3.114,1.26254e-07
3.115,1.26424e-07
3.116,1.26594e-07
3.117,1.26764e-07
3.118,1.26934e-07
3.119,1.27103e-07
3.12,1.27273e-07
3.121,1.27442e-07
3.122,1.27611e-07
3.123,1.2778e-07
3.124,1.27949e-07
3.125,1.28118e-07
3.126,1.28287e-07
3.127,1.28456e-07
3.128,1.28624e-07
3.129,1.28793e-07
3.13,1.28961e-07
3.131,1.29129e-07
3.132,1.29297e-07
3.133,1.29465e-07
3.134,1.29632e-07
3.135,1.298e-07
3.136,1.29967e-07
3.137,1.30135e-07
3.138,1.30302e-07
3.139,1.30469e-07
3.14,1.30636e-07
3.141,1.30803e-07
3.142,1.30969e-07
3.143,1.31136e-07
3.144,1.31302e-07
3.145,1.31469e-07
3.146,1.31635e-07
3.147,1.31801e-07
3.148,1.31967e-07
3.149,1.32133e-07
3.15,1.32298e-07
3.151,1.32464e-07
3.152,1.32629e-07
3.153,1.32794e-07
3.154,1.32959e-07
3.155,1.33124e-07
3.156,1.33289e-07
3.157,1.33454e-07
3.158,1.33618e-07
3.159,1.33783e-07
3.16,1.33947e-07
3.161,1.34111e-07
3.162,1.34275e-07
3.163,1.34439e-07
3.164,1.34603e-07
3.165,1.34766e-07
3.166,1.3493e-07
3.167,1.35093e-07
3.168,1.35256e-07
3.169,1.35419e-07
3.17,1.35582e-07
3.171,1.35745e-07
3.172,1.35908e-07
3.173,1.3607e-07
3.174,1.36233e-07
3.175,1.36395e-07
3.176,1.36557e-07
3.177,1.36719e-07
3.178,1.36881e-07
3.179,1.37042e-07
3.18,1.37204e-07
3.181,1.37365e-07
3.182,1.37527e-07
3.183,1.37688e-07
3.184,1.37849e-07
3.185,1.38009e-07
3.186,1.3817e-07
3.187,1.38331e-07
3.188,1.38491e-07
3.189,1.38651e-07
3.19,1.38811e-07
3.191,1.38971e-07
3.192,1.39131e-07
3.193,1.39291e-07
3.194,1.3945e-07
3.195,1.3961e-07
3.196,1.39769e-07
3.197,1.39928e-07
3.198,1.40087e-07
3.199,1.40246e-07
3.2,1.40405e-07
3.201,1.40563e-07
3.202,1.40722e-07
3.203,1.4088e-07
3.204,1.41038e-07
3.205,1.41196e-07
3.206,1.41354e-07
3.207,1.41511e-07
3.208,1.41669e-07
3.209,1.41826e-07
3.21,1.41983e-07
3.211,1.4214e-07
3.212,1.42297e-07
3.213,1.42454e-07
3.214,1.42611e-07
3.215,1.42767e-07
3.216,1.42923e-07
3.217,1.4308e-07
3.218,1.43236e-07
3.219,1.43392e-07
3.22,1.43547e-07
3.221,1.43703e-07
3.222,1.43858e-07
3.223,1.44013e-07
3.224,1.44169e-07
3.225,1.44324e-07
3.226,1.44478e-07
3.227,1.44633e-07
3.228,1.44788e-07
3.229,1.44942e-07
3.23,1.45096e-07
3.231,1.4525e-07
3.232,1.45404e-07
3.233,1.45558e-07
3.234,1.45711e-07
3.235,1.45865e-07
3.236,1.46018e-07
3.237,1.46171e-07
3.238,1.46324e-07
3.239,1.46477e-07
3.24,1.4663e-07
3.241,1.46782e-07
3.242,1.46935e-07
3.243,1.47087e-07
3.244,1.47239e-07
3.245,1.47391e-07
3.246,1.47543e-07
3.247,1.47694e-07
3.248,1.47846e-07
3.249,1.47997e-07
3.25,1.48148e-07
3.251,1.48299e-07
3.252,1.4845e-07
3.253,1.486e-07
3.254,1.48751e-07
3.255,1.48901e-07
3.256,1.49051e-07
3.257,1.49201e-07
3.258,1.49351e-07
3.259,1.49501e-07
3.26,1.4965e-07
3.261,1.498e-07
3.262,1.49949e-07
3.263,1.50098e-07
3.264,1.50247e-07
3.265,1.50396e-07
3.266,1.50544e-07
3.267,1.50693e-07
3.268,1.50841e-07
3.269,1.50989e-07
3.27,1.51137e-07
3.271,1.51285e-07
3.272,1.51432e-07
3.273,1.5158e-07
3.274,1.51727e-07
3.275,1.51874e-07
3.276,1.52021e-07
3.277,1.52168e-07
3.278,1.52315e-07
3.279,1.52461e-07
3.28,1.52607e-07
3.281,1.52753e-07
3.282,1.52899e-07
3.283,1.53045e-07
3.284,1.53191e-07
3.285,1.53336e-07
3.286,1.53482e-07
3.287,1.53627e-07
3.288,1.53772e-07
3.289,1.53917e-07
3.29,1.54061e-07
3.291,1.54206e-07
3.292,1.5435e-07
3.293,1.54494e-07
3.294,1.54638e-07
3.295,1.54782e-07
3.296,1.54926e-07
3.297,1.55069e-07
3.298,1.55212e-07
3.299,1.55356e-07
3.3,1.55499e-07
3.301,1.55641e-07
3.302,1.55784e-07
3.303,1.55926e-07
3.304,1.56069e-07
3.305,1.56211e-07
3.306,1.56353e-07
3.307,1.56495e-07
3.308,1.56636e-07
3.309,1.56778e-07
3.31,1.56919e-07
3.311,1.5706e-07
3.312,1.57201e-07
3.313,1.57342e-07
3.314,1.57482e-07
3.315,1.57623e-07
3.316,1.57763e-07
3.317,1.57903e-07
3.318,1.58043e-07
3.319,1.58183e-07
3.32,1.58322e-07
3.321,1.58462e-07
3.322,1.58601e-07
3.323,1.5874e-07
3.324,1.58879e-07
3.325,1.59017e-07
3.326,1.59156e-07
3.327,1.59294e-07
3.328,1.59433e-07
3.329,1.59571e-07
3.33,1.59708e-07
3.331,1.59846e-07
3.332,1.59983e-07
3.333,1.60121e-07
3.334,1.60258e-07
3.335,1.60395e-07
3.336,1.60532e-07
3.337,1.60668e-07
3.338,1.60805e-07
3.339,1.60941e-07
3.34,1.61077e-07
3.341,1.61213e-07
3.342,1.61348e-07
3.343,1.61484e-07
3.344,1.61619e-07
3.345,1.61754e-07
3.346,1.61889e-07
3.347,1.62024e-07
3.348,1.62159e-07
3.349,1.62293e-07
3.35,1.62428e-07
3.351,1.62562e-07
3.352,1.62696e-07
3.353,1.62829e-07
3.354,1.62963e-07
3.355,1.63096e-07
3.356,1.63229e-07
3.357,1.63362e-07
3.358,1.63495e-07
3.359,1.63628e-07
3.36,1.6376e-07
3.361,1.63893e-07
3.362,1.64025e-07
3.363,1.64157e-07
3.364,1.64288e-07
3.365,1.6442e-07
3.366,1.64551e-07
3.367,1.64682e-07
3.368,1.64813e-07
3.369,1.64944e-07
3.37,1.65075e-07
3.371,1.65205e-07
3.372,1.65336e-07
3.373,1.65466e-07
3.374,1.65596e-07
3.375,1.65725e-07
3.376,1.65855e-07
3.377,1.65984e-07
3.378,1.66113e-07
3.379,1.66242e-07
3.38,1.66371e-07
3.381,1.665e-07
3.382,1.66628e-07
3.383,1.66756e-07
3.384,1.66884e-07
3.385,1.67012e-07
3.386,1.6714e-07
3.387,1.67267e-07
3.388,1.67395e-07
3.389,1.67522e-07
3.39,1.67649e-07
3.391,1.67775e-07
3.392,1.67902e-07
3.393,1.68028e-07
3.394,1.68155e-07
3.395,1.68281e-07
3.396,1.68406e-07
3.397,1.68532e-07
3.398,1.68657e-07
3.399,1.68783e-07
3.4,1.68908e-07
3.401,1.69032e-07
3.402,1.69157e-07
3.403,1.69281e-07
3.404,1.69406e-07
3.405,1.6953e-07
3.406,1.69654e-07
3.407,1.69777e-07
3.408,1.69901e-07
3.409,1.70024e-07
3.41,1.70147e-07
3.411,1.7027e-07
3.412,1.70393e-07
3.413,1.70515e-07
3.414,1.70638e-07
3.415,1.7076e-07
3.416,1.70882e-07
3.417,1.71004e-07
3.418,1.71125e-07
3.419,1.71247e-07
3.42,1.71368e-07
3.421,1.71489e-07
3.422,1.7161e-07
3.423,1.7173e-07
3.424,1.71851e-07
3.425,1.71971e-07
3.426,1.72091e-07
3.427,1.72211e-07
3.428,1.7233e-07
3.429,1.7245e-07
3.43,1.72569e-07
3.431,1.72688e-07
3.432,1.72807e-07
3.433,1.72925e-07
3.434,1.73044e-07
3.435,1.73162e-07
3.436,1.7328e-07
3.437,1.73398e-07
3.438,1.73516e-07
3.439,1.73633e-07
3.44,1.7375e-07
3.441,1.73868e-07
3.442,1.73984e-07
3.443,1.74101e-07
3.444,1.74218e-07
3.445,1.74334e-07
3.446,1.7445e-07
3.447,1.74566e-07
3.448,1.74681e-07
3.449,1.74797e-07
3.45,1.74912e-07
3.451,1.75027e-07
3.452,1.75142e-07
3.453,1.75257e-07
3.454,1.75371e-07
3.455,1.75485e-07
3.456,1.756e-07
3.457,1.75713e-07
3.458,1.75827e-07
3.459,1.7594e-07
3.46,1.76054e-07
3.461,1.76167e-07
3.462,1.7628e-07
3.463,1.76392e-07
3.464,1.76505e-07
3.465,1.76617e-07
3.466,1.76729e-07
3.467,1.76841e-07
3.468,1.76953e-07
3.469,1.77064e-07
3.47,1.77175e-07
3.471,1.77286e-07
3.472,1.77397e-07
3.473,1.77508e-07
3.474,1.77618e-07
3.475,1.77728e-07
3.476,1.77838e-07
3.477,1.77948e-07
3.478,1.78058e-07
3.479,1.78167e-07
3.48,1.78276e-07
3.481,1.78385e-07
3.482,1.78494e-07
3.483,1.78603e-07
3.484,1.78711e-07
3.485,1.78819e-07
3.486,1.78927e-07
3.487,1.79035e-07
3.488,1.79142e-07
3.489,1.7925e-07
3.49,1.79357e-07
3.491,1.79464e-07
3.492,1.7957e-07
3.493,1.79677e-07
3.494,1.79783e-07
3.495,1.79889e-07
3.496,1.79995e-07
3.497,1.80101e-07
3.498,1.80206e-07
3.499,1.80311e-07
3.5,1.80416e-07
3.501,1.80521e-07
3.502,1.80626e-07
3.503,1.8073e-07
3.504,1.80834e-07
3.505,1.80938e-07
3.506,1.81042e-07
3.507,1.81146e-07
3.508,1.81249e-07
3.509,1.81352e-07
3.51,1.81455e-07
3.511,1.81558e-07
3.512,1.8166e-07
3.513,1.81762e-07
3.514,1.81865e-07
3.515,1.81966e-07
3.516,1.82068e-07
3.517,1.82169e-07
3.518,1.82271e-07
3.519,1.82372e-07
3.52,1.82473e-07
3.521,1.82573e-07
3.522,1.82673e-07
3.523,1.82774e-07
3.524,1.82874e-07
3.525,1.82973e-07
3.526,1.83073e-07
3.527,1.83172e-07
3.528,1.83271e-07
3.529,1.8337e-07
3.53,1.83469e-07
3.531,1.83567e-07
3.532,1.83665e-07
3.533,1.83763e-07
3.534,1.83861e-07
3.535,1.83959e-07
3.536,1.84056e-07
3.537,1.84153e-07
3.538,1.8425e-07
3.539,1.84347e-07
3.54,1.84443e-07
3.541,1.8454e-07
3.542,1.84636e-07
3.543,1.84732e-07
3.544,1.84827e-07
3.545,1.84923e-07
3.546,1.85018e-07
3.547,1.85113e-07
3.548,1.85208e-07
3.549,1.85302e-07
3.55,1.85396e-07
3.551,1.85491e-07
3.552,1.85584e-07
3.553,1.85678e-07
3.554,1.85772e-07
3.555,1.85865e-07
3.556,1.85958e-07
3.557,1.86051e-07
3.558,1.86143e-07
3.559,1.86236e-07
3.56,1.86328e-07
3.561,1.8642e-07
3.562,1.86511e-07
3.563,1.86603e-07
3.564,1.86694e-07
3.565,1.86785e-07
3.566,1.86876e-07
3.567,1.86966e-07
3.568,1.87057e-07
3.569,1.87147e-07
3.57,1.87237e-07
3.571,1.87326e-07
3.572,1.87416e-07
3.573,1.87505e-07
3.574,1.87594e-07
3.575,1.87683e-07
3.576,1.87772e-07
3.577,1.8786e-07
3.578,1.87948e-07
3.579,1.88036e-07
3.58,1.88124e-07
3.581,1.88211e-07
3.582,1.88298e-07
3.583,1.88386e-07
3.584,1.88472e-07
3.585,1.88559e-07
3.586,1.88645e-07
3.587,1.88731e-07
3.588,1.88817e-07
3.589,1.88903e-07
3.59,1.88988e-07
3.591,1.89074e-07
3.592,1.89159e-07
3.593,1.89243e-07
3.594,1.89328e-07
3.595,1.89412e-07
3.596,1.89496e-07
3.597,1.8958e-07
3.598,1.89664e-07
3.599,1.89747e-07
3.6,1.89831e-07
3.601,1.89913e-07
3.602,1.89996e-07
3.603,1.90079e-07
3.604,1.90161e-07
3.605,1.90243e-07
3.606,1.90325e-07
3.607,1.90407e-07
3.608,1.90488e-07
3.609,1.90569e-07
3.61,1.9065e-07
3.611,1.90731e-07
3.612,1.90811e-07
3.613,1.90891e-07
3.614,1.90971e-07
3.615,1.91051e-07
3.616,1.91131e-07
3.617,1.9121e-07
3.618,1.91289e-07
3.619,1.91368e-07
3.62,1.91447e-07
3.621,1.91525e-07
3.622,1.91603e-07
3.623,1.91681e-07
3.624,1.91759e-07
3.625,1.91836e-07
3.626,1.91914e-07
3.627,1.91991e-07
3.628,1.92067e-07
3.629,1.92144e-07
3.63,1.9222e-07
3.631,1.92296e-07
3.632,1.92372e-07
3.633,1.92448e-07
3.634,1.92523e-07
3.635,1.92598e-07
3.636,1.92673e-07
3.637,1.92748e-07
3.638,1.92822e-07
3.639,1.92897e-07
3.64,1.92971e-07
3.641,1.93044e-07
3.642,1.93118e-07
3.643,1.93191e-07
3.644,1.93264e-07
3.645,1.93337e-07
3.646,1.9341e-07
3.647,1.93482e-07
3.648,1.93554e-07
3.649,1.93626e-07
3.65,1.93698e-07
3.651,1.93769e-07
3.652,1.93841e-07
3.653,1.93912e-07
3.654,1.93982e-07
3.655,1.94053e-07
3.656,1.94123e-07
3.657,1.94193e-07
3.658,1.94263e-07
3.659,1.94332e-07
3.66,1.94402e-07
3.661,1.94471e-07
3.662,1.9454e-07
3.663,1.94608e-07
3.664,1.94677e-07
3.665,1.94745e-07
3.666,1.94813e-07
3.667,1.9488e-07
3.668,1.94948e-07
3.669,1.95015e-07
3.67,1.95082e-07
3.671,1.95149e-07
3.672,1.95215e-07
3.673,1.95281e-07
3.674,1.95347e-07
3.675,1.95413e-07
3.676,1.95479e-07
3.677,1.95544e-07
3.678,1.95609e-07
3.679,1.95674e-07
3.68,1.95738e-07
3.681,1.95803e-07
3.682,1.95867e-07
3.683,1.95931e-07
3.684,1.95994e-07
3.685,1.96058e-07
3.686,1.96121e-07
3.687,1.96184e-07
3.688,1.96247e-07
3.689,1.96309e-07
3.69,1.96371e-07
3.691,1.96433e-07
3.692,1.96495e-07
3.693,1.96556e-07
3.694,1.96618e-07
3.695,1.96679e-07
3.696,1.96739e-07
3.697,1.968e-07
3.698,1.9686e-07
3.699,1.9692e-07
3.7,1.9698e-07
3.701,1.97039e-07
3.702,1.97099e-07
3.703,1.97158e-07
3.704,1.97217e-07
3.705,1.97275e-07
3.706,1.97334e-07
3.707,1.97392e-07
3.708,1.97449e-07
3.709,1.97507e-07
3.71,1.97564e-07
3.711,1.97622e-07
3.712,1.97678e-07
3.713,1.97735e-07
3.714,1.97791e-07
3.715,1.97848e-07
3.716,1.97904e-07
3.717,1.97959e-07
3.718,1.98015e-07
3.719,1.9807e-07
3.72,1.98125e-07
3.721,1.98179e-07
3.722,1.98234e-07
3.723,1.98288e-07
3.724,1.98342e-07
3.725,1.98396e-07
3.726,1.98449e-07
3.727,1.98503e-07
3.728,1.98555e-07
3.729,1.98608e-07
3.73,1.98661e-07
3.731,1.98713e-07
3.732,1.98765e-07
3.733,1.98817e-07
3.734,1.98868e-07
3.735,1.9892e-07
3.736,1.98971e-07
3.737,1.99021e-07
3.738,1.99072e-07
3.739,1.99122e-07
3.74,1.99172e-07
3.741,1.99222e-07
3.742,1.99272e-07
3.743,1.99321e-07
3.744,1.9937e-07
3.745,1.99419e-07
3.746,1.99467e-07
3.747,1.99516e-07
3.748,1.99564e-07
3.749,1.99611e-07
3.75,1.99659e-07
3.751,1.99706e-07
3.752,1.99753e-07
3.753,1.998e-07
3.754,1.99847e-07
3.755,1.99893e-07
3.756,1.99939e-07
3.757,1.99985e-07
3.758,2.00031e-07
3.759,2.00076e-07
3.76,2.00121e-07
3.761,2.00166e-07
3.762,2.00211e-07
3.763,2.00255e-07
3.764,2.00299e-07
3.765,2.00343e-07
3.766,2.00387e-07
3.767,2.0043e-07
3.768,2.00473e-07
3.769,2.00516e-07
3.77,2.00558e-07
3.771,2.00601e-07
3.772,2.00643e-07
3.773,2.00685e-07
3.774,2.00726e-07
3.775,2.00768e-07
3.776,2.00809e-07
3.777,2.0085e-07
3.778,2.0089e-07
3.779,2.00931e-07
3.78,2.00971e-07
3.781,2.01011e-07
3.782,2.0105e-07
3.783,2.0109e-07
3.784,2.01129e-07
3.785,2.01168e-07
3.786,2.01206e-07
3.787,2.01245e-07
3.788,2.01283e-07
3.789,2.01321e-07
3.79,2.01358e-07
3.791,2.01395e-07
3.792,2.01433e-07
3.793,2.01469e-07
3.794,2.01506e-07
3.795,2.01542e-07
3.796,2.01578e-07
3.797,2.01614e-07
3.798,2.0165e-07
3.799,2.01685e-07
3.8,2.0172e-07
3.801,2.01755e-07
3.802,2.0179e-07
3.803,2.01824e-07
3.804,2.01858e-07
3.805,2.01892e-07
3.806,2.01925e-07
3.807,2.01959e-07
3.808,2.01992e-07
3.809,2.02024e-07
3.81,2.02057e-07
3.811,2.02089e-07
3.812,2.02121e-07
3.813,2.02153e-07
3.814,2.02185e-07
3.815,2.02216e-07
3.816,2.02247e-07
3.817,2.02278e-07
3.818,2.02308e-07
3.819,2.02338e-07
3.82,2.02368e-07
3.821,2.02398e-07
3.822,2.02428e-07
3.823,2.02457e-07
3.824,2.02486e-07
3.825,2.02515e-07
3.826,2.02543e-07
3.827,2.02571e-07
3.828,2.02599e-07
3.829,2.02627e-07
3.83,2.02654e-07
3.831,2.02682e-07
3.832,2.02709e-07
3.833,2.02735e-07
3.834,2.02762e-07
3.835,2.02788e-07
3.836,2.02814e-07
3.837,2.02839e-07
3.838,2.02865e-07
3.839,2.0289e-07
3.84,2.02915e-07
3.841,2.0294e-07
3.842,2.02964e-07
3.843,2.02988e-07
3.844,2.03012e-07
3.845,2.03036e-07
3.846,2.03059e-07
3.847,2.03082e-07
3.848,2.03105e-07
3.849,2.03127e-07
3.85,2.0315e-07
3.851,2.03172e-07
3.852,2.03194e-07
3.853,2.03215e-07
3.854,2.03236e-07
3.855,2.03257e-07
3.856,2.03278e-07
3.857,2.03299e-07
3.858,2.03319e-07
3.859,2.03339e-07
3.86,2.03359e-07
3.861,2.03378e-07
3.862,2.03397e-07
3.863,2.03416e-07
3.864,2.03435e-07
3.865,2.03454e-07
3.866,2.03472e-07
3.867,2.0349e-07
3.868,2.03507e-07
3.869,2.03525e-07
3.87,2.03542e-07
3.871,2.03559e-07
3.872,2.03576e-07
3.873,2.03592e-07
3.874,2.03608e-07
3.875,2.03624e-07
3.876,2.0364e-07
3.877,2.03655e-07
3.878,2.0367e-07
3.879,2.03685e-07
3.88,2.03699e-07
3.881,2.03714e-07
3.882,2.03728e-07
3.883,2.03741e-07
3.884,2.03755e-07
3.885,2.03768e-07
3.886,2.03781e-07
3.887,2.03794e-07
3.888,2.03807e-07
3.889,2.03819e-07
3.89,2.03831e-07
3.891,2.03842e-07
3.892,2.03854e-07
3.893,2.03865e-07
3.894,2.03876e-07
3.895,2.03887e-07
3.896,2.03897e-07
3.897,2.03907e-07
3.898,2.03917e-07
3.899,2.03927e-07
3.9,2.03936e-07
3.901,2.03945e-07
3.902,2.03954e-07
3.903,2.03962e-07
3.904,2.03971e-07
3.905,2.03979e-07
3.906,2.03987e-07
3.907,2.03994e-07
3.908,2.04001e-07
3.909,2.04008e-07
3.91,2.04015e-07
3.911,2.04022e-07
3.912,2.04028e-07
3.913,2.04034e-07
3.914,2.0404e-07
3.915,2.04045e-07
3.916,2.0405e-07
3.917,2.04055e-07
3.918,2.0406e-07
3.919,2.04064e-07
3.92,2.04068e-07
3.921,2.04072e-07
3.922,2.04076e-07
3.923,2.04079e-07
3.924,2.04082e-07
3.925,2.04085e-07
3.926,2.04087e-07
3.927,2.0409e-07
3.928,2.04092e-07
3.929,2.04093e-07
3.93,2.04095e-07
3.931,2.04096e-07
3.932,2.04097e-07
3.933,2.04098e-07
3.934,2.04098e-07
3.935,2.04098e-07
3.936,2.04098e-07
3.937,2.04098e-07
3.938,2.04097e-07
3.939,2.04096e-07
3.94,2.04095e-07
3.941,2.04094e-07
3.942,2.04092e-07
3.943,2.0409e-07
3.944,2.04088e-07
3.945,2.04086e-07
3.946,2.04083e-07
3.947,2.0408e-07
3.948,2.04077e-07
3.949,2.04073e-07
3.95,2.04069e-07
3.951,2.04065e-07
3.952,2.04061e-07
3.953,2.04056e-07
3.954,2.04052e-07
3.955,2.04046e-07
3.956,2.04041e-07
3.957,2.04035e-07
3.958,2.0403e-07
3.959,2.04023e-07
3.96,2.04017e-07
3.961,2.0401e-07
3.962,2.04003e-07
3.963,2.03996e-07
3.964,2.03989e-07
3.965,2.03981e-07
3.966,2.03973e-07
3.967,2.03964e-07
3.968,2.03956e-07
3.969,2.03947e-07
3.97,2.03938e-07
3.971,2.03929e-07
3.972,2.03919e-07
3.973,2.03909e-07
3.974,2.03899e-07
3.975,2.03889e-07
3.976,2.03878e-07
3.977,2.03867e-07
3.978,2.03856e-07
3.979,2.03844e-07
3.98,2.03833e-07
3.981,2.03821e-07
3.982,2.03808e-07
3.983,2.03796e-07
3.984,2.03783e-07
3.985,2.0377e-07
3.986,2.03757e-07
3.987,2.03743e-07
3.988,2.03729e-07
3.989,2.03715e-07
3.99,2.03701e-07
3.991,2.03686e-07
3.992,2.03671e-07
3.993,2.03656e-07
3.994,2.0364e-07
3.995,2.03625e-07
3.996,2.03609e-07
3.997,2.03592e-07
3.998,2.03576e-07
3.999,2.03559e-07
4,2.03542e-07
4.001,2.03525e-07
4.002,2.03507e-07
4.003,2.03489e-07
4.004,2.03471e-07
4.005,2.03453e-07
4.006,2.03434e-07
4.007,2.03415e-07
4.008,2.03396e-07
4.009,2.03376e-07
4.01,2.03357e-07
4.011,2.03337e-07
4.012,2.03316e-07
4.013,2.03296e-07
4.014,2.03275e-07
4.015,2.03254e-07
4.016,2.03233e-07
4.017,2.03211e-07
4.018,2.03189e-07
4.019,2.03167e-07
4.02,2.03145e-07
4.021,2.03122e-07
4.022,2.03099e-07
4.023,2.03076e-07
4.024,2.03052e-07
4.025,2.03029e-07
4.026,2.03005e-07
4.027,2.0298e-07
4.028,2.02956e-07
4.029,2.02931e-07
4.03,2.02906e-07
4.031,2.02881e-07
4.032,2.02855e-07
4.033,2.02829e-07
4.034,2.02803e-07
4.035,2.02777e-07
4.036,2.0275e-07
4.037,2.02723e-07
4.038,2.02696e-07
4.039,2.02668e-07
4.04,2.02641e-07
4.041,2.02613e-07
4.042,2.02584e-07
4.043,2.02556e-07
4.044,2.02527e-07
4.045,2.02498e-07
4.046,2.02468e-07
4.047,2.02439e-07
4.048,2.02409e-07
4.049,2.02379e-07
4.05,2.02348e-07
4.051,2.02318e-07
4.052,2.02287e-07
4.053,2.02255e-07
4.054,2.02224e-07
4.055,2.02192e-07
4.056,2.0216e-07
4.057,2.02128e-07
4.058,2.02095e-07
4.059,2.02062e-07
4.06,2.02029e-07
4.061,2.01996e-07
4.062,2.01962e-07
4.063,2.01928e-07
4.064,2.01894e-07
4.065,2.0186e-07
4.066,2.01825e-07
4.067,2.0179e-07
4.068,2.01755e-07
4.069,2.01719e-07
4.07,2.01683e-07
4.071,2.01647e-07
4.072,2.01611e-07
4.073,2.01574e-07
4.074,2.01537e-07
4.075,2.015e-07
4.076,2.01463e-07
4.077,2.01425e-07
4.078,2.01387e-07
4.079,2.01349e-07
4.08,2.01311e-07
4.081,2.01272e-07
4.082,2.01233e-07
4.083,2.01194e-07
4.084,2.01154e-07
4.085,2.01114e-07
4.086,2.01074e-07
4.087,2.01034e-07
4.088,2.00993e-07
4.089,2.00952e-07
4.09,2.00911e-07
4.091,2.0087e-07
4.092,2.00828e-07
4.093,2.00786e-07
4.094,2.00744e-07
4.095,2.00701e-07
4.096,2.00658e-07
4.097,2.00615e-07
4.098,2.00572e-07
4.099,2.00528e-07
4.1,2.00485e-07
4.101,2.0044e-07
4.102,2.00396e-07
4.103,2.00351e-07
4.104,2.00306e-07
4.105,2.00261e-07
4.106,2.00216e-07
4.107,2.0017e-07
4.108,2.00124e-07
4.109,2.00078e-07
4.11,2.00031e-07
4.111,1.99984e-07
4.112,1.99937e-07
4.113,1.9989e-07
4.114,1.99842e-07
4.115,1.99795e-07
4.116,1.99746e-07
4.117,1.99698e-07
4.118,1.99649e-07
4.119,1.996e-07
4.12,1.99551e-07
4.121,1.99502e-07
4.122,1.99452e-07
4.123,1.99402e-07
4.124,1.99352e-07
4.125,1.99301e-07
4.126,1.9925e-07
4.127,1.99199e-07
4.128,1.99148e-07
4.129,1.99096e-07
4.13,1.99044e-07
4.131,1.98992e-07
4.132,1.98939e-07
4.133,1.98887e-07
4.134,1.98834e-07
4.135,1.9878e-07
4.136,1.98727e-07
4.137,1.98673e-07
4.138,1.98619e-07
4.139,1.98565e-07
4.14,1.9851e-07
4.141,1.98455e-07
4.142,1.984e-07
4.143,1.98345e-07
4.144,1.98289e-07
4.145,1.98233e-07
4.146,1.98177e-07
4.147,1.9812e-07
4.148,1.98064e-07
4.149,1.98007e-07
4.15,1.97949e-07
4.151,1.97892e-07
4.152,1.97834e-07
4.153,1.97776e-07
4.154,1.97718e-07
4.155,1.97659e-07
4.156,1.976e-07
4.157,1.97541e-07
4.158,1.97481e-07
4.159,1.97422e-07
4.16,1.97362e-07
4.161,1.97302e-07
4.162,1.97241e-07
4.163,1.9718e-07
4.164,1.97119e-07
4.165,1.97058e-07
4.166,1.96996e-07
4.167,1.96935e-07
4.168,1.96872e-07
4.169,1.9681e-07
4.17,1.96747e-07
4.171,1.96684e-07
4.172,1.96621e-07
4.173,1.96558e-07
4.174,1.96494e-07
4.175,1.9643e-07
4.176,1.96366e-07
4.177,1.96301e-07
4.178,1.96237e-07
4.179,1.96171e-07
4.18,1.96106e-07
4.181,1.96041e-07
4.182,1.95975e-07
4.183,1.95909e-07
4.184,1.95842e-07
4.185,1.95775e-07
4.186,1.95708e-07
4.187,1.95641e-07
4.188,1.95574e-07
4.189,1.95506e-07
4.19,1.95438e-07
4.191,1.9537e-07
4.192,1.95301e-07
4.193,1.95232e-07
4.194,1.95163e-07
4.195,1.95094e-07
4.196,1.95024e-07
4.197,1.94955e-07
4.198,1.94884e-07
4.199,1.94814e-07
4.2,1.94743e-07
4.201,1.94672e-07
4.202,1.94601e-07
4.203,1.9453e-07
4.204,1.94458e-07
4.205,1.94386e-07
4.206,1.94314e-07
4.207,1.94241e-07
4.208,1.94168e-07
4.209,1.94095e-07
4.21,1.94022e-07
4.211,1.93948e-07
4.212,1.93874e-07
4.213,1.938e-07
4.214,1.93726e-07
4.215,1.93651e-07
4.216,1.93576e-07
4.217,1.93501e-07
4.218,1.93425e-07
4.219,1.93349e-07
4.22,1.93273e-07
4.221,1.93197e-07
4.222,1.93121e-07
4.223,1.93044e-07
4.224,1.92967e-07
4.225,1.92889e-07
4.226,1.92812e-07
4.227,1.92734e-07
4.228,1.92656e-07
4.229,1.92577e-07
4.23,1.92499e-07
4.231,1.9242e-07
4.232,1.9234e-07
4.233,1.92261e-07
4.234,1.92181e-07
4.235,1.92101e-07
4.236,1.92021e-07
4.237,1.9194e-07
4.238,1.91859e-07
4.239,1.91778e-07
4.24,1.91697e-07
4.241,1.91615e-07
4.242,1.91533e-07
4.243,1.91451e-07
4.244,1.91369e-07
4.245,1.91286e-07
4.246,1.91203e-07
4.247,1.9112e-07
4.248,1.91037e-07
4.249,1.90953e-07
4.25,1.90869e-07
4.251,1.90785e-07
4.252,1.907e-07
4.253,1.90615e-07
4.254,1.9053e-07
4.255,1.90445e-07
4.256,1.90359e-07
4.257,1.90273e-07
4.258,1.90187e-07
4.259,1.90101e-07
4.26,1.90014e-07
4.261,1.89927e-07
4.262,1.8984e-07
4.263,1.89753e-07
4.264,1.89665e-07
4.265,1.89577e-07
4.266,1.89489e-07
4.267,1.894e-07
4.268,1.89311e-07
4.269,1.89222e-07
4.27,1.89133e-07
4.271,1.89043e-07
4.272,1.88954e-07
4.273,1.88863e-07
4.274,1.88773e-07
4.275,1.88682e-07
4.276,1.88592e-07
4.277,1.885e-07
4.278,1.88409e-07
4.279,1.88317e-07
4.28,1.88225e-07
4.281,1.88133e-07
4.282,1.88041e-07
4.283,1.87948e-07
4.284,1.87855e-07
4.285,1.87762e-07
4.286,1.87668e-07
4.287,1.87574e-07
4.288,1.8748e-07
4.289,1.87386e-07
4.29,1.87291e-07
4.291,1.87196e-07
4.292,1.87101e-07
4.293,1.87006e-07
4.294,1.8691e-07
4.295,1.86814e-07
4.296,1.86718e-07
4.297,1.86622e-07
4.298,1.86525e-07
4.299,1.86428e-07
4.3,1.86331e-07
4.301,1.86234e-07
4.302,1.86136e-07
4.303,1.86038e-07
4.304,1.8594e-07
4.305,1.85841e-07
4.306,1.85742e-07
4.307,1.85643e-07
4.308,1.85544e-07
4.309,1.85444e-07
4.31,1.85344e-07
4.311,1.85244e-07
4.312,1.85144e-07
4.313,1.85043e-07
4.314,1.84942e-07
4.315,1.84841e-07
4.316,1.8474e-07
4.317,1.84638e-07
4.318,1.84536e-07
4.319,1.84434e-07
4.32,1.84332e-07
4.321,1.84229e-07
4.322,1.84126e-07
4.323,1.84023e-07
4.324,1.83919e-07
4.325,1.83815e-07
4.326,1.83711e-07
4.327,1.83607e-07
4.328,1.83503e-07
4.329,1.83398e-07
4.33,1.83293e-07
4.331,1.83187e-07
4.332,1.83082e-07
4.333,1.82976e-07
4.334,1.8287e-07
4.335,1.82763e-07
4.336,1.82657e-07
4.337,1.8255e-07
4.338,1.82443e-07
4.339,1.82335e-07
4.34,1.82228e-07
4.341,1.8212e-07
4.342,1.82011e-07
4.343,1.81903e-07
4.344,1.81794e-07
4.345,1.81685e-07
4.346,1.81576e-07
4.347,1.81467e-07
4.348,1.81357e-07
4.349,1.81247e-07
4.35,1.81137e-07
4.351,1.81026e-07
4.352,1.80915e-07
4.353,1.80804e-07
4.354,1.80693e-07
4.355,1.80581e-07
4.356,1.8047e-07
4.357,1.80358e-07
4.358,1.80245e-07
4.359,1.80133e-07
4.36,1.8002e-07
4.361,1.79907e-07
4.362,1.79793e-07
4.363,1.7968e-07
4.364,1.79566e-07
4.365,1.79452e-07
4.366,1.79337e-07
4.367,1.79223e-07
4.368,1.79108e-07
4.369,1.78992e-07
4.37,1.78877e-07
4.371,1.78761e-07
4.372,1.78645e-07
4.373,1.78529e-07
4.374,1.78413e-07
4.375,1.78296e-07
4.376,1.78179e-07
4.377,1.78062e-07
4.378,1.77944e-07
4.379,1.77827e-07
4.38,1.77709e-07
4.381,1.7759e-07
4.382,1.77472e-07
4.383,1.77353e-07
4.384,1.77234e-07
4.385,1.77115e-07
4.386,1.76995e-07
4.387,1.76875e-07
4.388,1.76755e-07
4.389,1.76635e-07
4.39,1.76514e-07
4.391,1.76394e-07
4.392,1.76273e-07
4.393,1.76151e-07
4.394,1.7603e-07
4.395,1.75908e-07
4.396,1.75786e-07
4.397,1.75663e-07
4.398,1.75541e-07
4.399,1.75418e-07
4.4,1.75295e-07
4.401,1.75171e-07
4.402,1.75048e-07
4.403,1.74924e-07
4.404,1.748e-07
4.405,1.74675e-07
4.406,1.74551e-07
4.407,1.74426e-07
4.408,1.74301e-07
4.409,1.74175e-07
4.41,1.7405e-07
4.411,1.73924e-07
4.412,1.73798e-07
4.413,1.73671e-07
4.414,1.73545e-07
4.415,1.73418e-07
4.416,1.7329e-07
4.417,1.73163e-07
4.418,1.73035e-07
4.419,1.72907e-07
4.42,1.72779e-07
4.421,1.72651e-07
4.422,1.72522e-07
4.423,1.72393e-07
4.424,1.72264e-07
4.425,1.72134e-07
4.426,1.72005e-07
4.427,1.71875e-07
4.428,1.71745e-07
4.429,1.71614e-07
4.43,1.71483e-07
4.431,1.71353e-07
4.432,1.71221e-07
4.433,1.7109e-07
4.434,1.70958e-07
4.435,1.70826e-07
4.436,1.70694e-07
4.437,1.70561e-07
4.438,1.70429e-07
4.439,1.70296e-07
4.44,1.70163e-07
4.441,1.70029e-07
4.442,1.69895e-07
4.443,1.69761e-07
4.444,1.69627e-07
4.445,1.69493e-07
4.446,1.69358e-07
4.447,1.69223e-07
4.448,1.69088e-07
4.449,1.68952e-07
4.45,1.68817e-07
4.451,1.68681e-07
4.452,1.68544e-07
4.453,1.68408e-07
4.454,1.68271e-07
4.455,1.68134e-07
4.456,1.67997e-07
4.457,1.6786e-07
4.458,1.67722e-07
4.459,1.67584e-07
4.46,1.67446e-07
4.461,1.67307e-07
4.462,1.67169e-07
4.463,1.6703e-07
4.464,1.6689e-07
4.465,1.66751e-07
4.466,1.66611e-07
4.467,1.66471e-07
4.468,1.66331e-07
4.469,1.66191e-07
4.47,1.6605e-07
4.471,1.65909e-07
4.472,1.65768e-07
4.473,1.65627e-07
4.474,1.65485e-07
4.475,1.65343e-07
4.476,1.65201e-07
4.477,1.65058e-07
4.478,1.64916e-07
4.479,1.64773e-07
4.48,1.6463e-07
4.481,1.64486e-07
4.482,1.64343e-07
4.483,1.64199e-07
4.484,1.64055e-07
4.485,1.6391e-07
4.486,1.63766e-07
4.487,1.63621e-07
4.488,1.63476e-07
4.489,1.6333e-07
4.49,1.63185e-07
4.491,1.63039e-07
4.492,1.62893e-07
4.493,1.62747e-07
4.494,1.626e-07
4.495,1.62453e-07
4.496,1.62306e-07
4.497,1.62159e-07
4.498,1.62011e-07
4.499,1.61863e-07
4.5,1.61715e-07
4.501,1.61567e-07
4.502,1.61419e-07
4.503,1.6127e-07
4.504,1.61121e-07
4.505,1.60972e-07
4.506,1.60822e-07
4.507,1.60672e-07
4.508,1.60522e-07
4.509,1.60372e-07
4.51,1.60222e-07
4.511,1.60071e-07
4.512,1.5992e-07
4.513,1.59769e-07
4.514,1.59617e-07
4.515,1.59466e-07
4.516,1.59314e-07
4.517,1.59162e-07
4.518,1.59009e-07
4.519,1.58857e-07
4.52,1.58704e-07
4.521,1.58551e-07
4.522,1.58397e-07
4.523,1.58244e-07
4.524,1.5809e-07
4.525,1.57936e-07
4.526,1.57782e-07
4.527,1.57627e-07
4.528,1.57472e-07
4.529,1.57317e-07
4.53,1.57162e-07
4.531,1.57006e-07
4.532,1.56851e-07
4.533,1.56695e-07
4.534,1.56538e-07
4.535,1.56382e-07
4.536,1.56225e-07
4.537,1.56068e-07
4.538,1.55911e-07
4.539,1.55754e-07
4.54,1.55596e-07
4.541,1.55438e-07
4.542,1.5528e-07
4.543,1.55122e-07
4.544,1.54963e-07
4.545,1.54804e-07
4.546,1.54645e-07
4.547,1.54486e-07
4.548,1.54326e-07
4.549,1.54166e-07
4.55,1.54006e-07
4.551,1.53846e-07
4.552,1.53686e-07
4.553,1.53525e-07
4.554,1.53364e-07
4.555,1.53203e-07
4.556,1.53041e-07
4.557,1.5288e-07
4.558,1.52718e-07
4.559,1.52556e-07
4.56,1.52393e-07
4.561,1.52231e-07
4.562,1.52068e-07
4.563,1.51905e-07
4.564,1.51741e-07
4.565,1.51578e-07
4.566,1.51414e-07
4.567,1.5125e-07
4.568,1.51086e-07
4.569,1.50921e-07
4.57,1.50756e-07
4.571,1.50592e-07
4.572,1.50426e-07
4.573,1.50261e-07
4.574,1.50095e-07
4.575,1.49929e-07
4.576,1.49763e-07
4.577,1.49597e-07
4.578,1.4943e-07
4.579,1.49264e-07
4.58,1.49096e-07
4.581,1.48929e-07
4.582,1.48762e-07
4.583,1.48594e-07
4.584,1.48426e-07
4.585,1.48258e-07
4.586,1.48089e-07
4.587,1.47921e-07
4.588,1.47752e-07
4.589,1.47583e-07
4.59,1.47413e-07
4.591,1.47244e-07
4.592,1.47074e-07
4.593,1.46904e-07
4.594,1.46734e-07
4.595,1.46563e-07
4.596,1.46392e-07
4.597,1.46221e-07
4.598,1.4605e-07
4.599,1.45879e-07
4.6,1.45707e-07
4.601,1.45535e-07
4.602,1.45363e-07
4.603,1.45191e-07
4.604,1.45018e-07
4.605,1.44845e-07
4.606,1.44672e-07
4.607,1.44499e-07
4.608,1.44326e-07
4.609,1.44152e-07
4.61,1.43978e-07
4.611,1.43804e-07
4.612,1.43629e-07
4.613,1.43455e-07
4.614,1.4328e-07
4.615,1.43105e-07
4.616,1.4293e-07
4.617,1.42754e-07
4.618,1.42578e-07
4.619,1.42402e-07
4.62,1.42226e-07
4.621,1.4205e-07
4.622,1.41873e-07
4.623,1.41696e-07
4.624,1.41519e-07
4.625,1.41342e-07
4.626,1.41164e-07
4.627,1.40987e-07
4.628,1.40809e-07
4.629,1.4063e-07
4.63,1.40452e-07
4.631,1.40273e-07
4.632,1.40094e-07
4.633,1.39915e-07
4.634,1.39736e-07
4.635,1.39556e-07
4.636,1.39377e-07
4.637,1.39197e-07
4.638,1.39016e-07
4.639,1.38836e-07
4.64,1.38655e-07
4.641,1.38474e-07
4.642,1.38293e-07
4.643,1.38112e-07
4.644,1.3793e-07
4.645,1.37749e-07
4.646,1.37567e-07
4.647,1.37384e-07
4.648,1.37202e-07
4.649,1.37019e-07
4.65,1.36836e-07
4.651,1.36653e-07
4.652,1.3647e-07
4.653,1.36287e-07
4.654,1.36103e-07
4.655,1.35919e-07
4.656,1.35735e-07
4.657,1.3555e-07
4.658,1.35366e-07
4.659,1.35181e-07
4.66,1.34996e-07
4.661,1.3481e-07
4.662,1.34625e-07
4.663,1.34439e-07
4.664,1.34253e-07
4.665,1.34067e-07
4.666,1.33881e-07
4.667,1.33694e-07
4.668,1.33507e-07
4.669,1.3332e-07
4.67,1.33133e-07
4.671,1.32946e-07
4.672,1.32758e-07
4.673,1.3257e-07
4.674,1.32382e-07
4.675,1.32194e-07
4.676,1.32005e-07
4.677,1.31816e-07
4.678,1.31627e-07
4.679,1.31438e-07
4.68,1.31249e-07
4.681,1.31059e-07
4.682,1.30869e-07
4.683,1.30679e-07
4.684,1.30489e-07
4.685,1.30299e-07
4.686,1.30108e-07
4.687,1.29917e-07
4.688,1.29726e-07
4.689,1.29535e-07
4.69,1.29343e-07
4.691,1.29151e-07
4.692,1.28959e-07
4.693,1.28767e-07
4.694,1.28575e-07
4.695,1.28382e-07
4.696,1.28189e-07
4.697,1.27996e-07
4.698,1.27803e-07
4.699,1.2761e-07
4.7,1.27416e-07
4.701,1.27222e-07
4.702,1.27028e-07
4.703,1.26834e-07
4.704,1.26639e-07
4.705,1.26445e-07
4.706,1.2625e-07
4.707,1.26055e-07
4.708,1.25859e-07
4.709,1.25664e-07
4.71,1.25468e-07
4.711,1.25272e-07
4.712,1.25076e-07
4.713,1.24879e-07
4.714,1.24683e-07
4.715,1.24486e-07
4.716,1.24289e-07
4.717,1.24092e-07
4.718,1.23894e-07
4.719,1.23697e-07
4.72,1.23499e-07
4.721,1.23301e-07
4.722,1.23103e-07
4.723,1.22904e-07
4.724,1.22706e-07
4.725,1.22507e-07
4.726,1.22308e-07
4.727,1.22108e-07
4.728,1.21909e-07
4.729,1.21709e-07
4.73,1.21509e-07
4.731,1.21309e-07
4.732,1.21109e-07
4.733,1.20908e-07
4.734,1.20708e-07
4.735,1.20507e-07
4.736,1.20306e-07
4.737,1.20104e-07
4.738,1.19903e-07
4.739,1.19701e-07
4.74,1.19499e-07
4.741,1.19297e-07
4.742,1.19095e-07
4.743,1.18892e-07
4.744,1.1869e-07
4.745,1.18487e-07
4.746,1.18283e-07
4.747,1.1808e-07
4.748,1.17877e-07
4.749,1.17673e-07
4.75,1.17469e-07
4.751,1.17265e-07
4.752,1.1706e-07
4.753,1.16856e-07
4.754,1.16651e-07
4.755,1.16446e-07
4.756,1.16241e-07
4.757,1.16036e-07
4.758,1.1583e-07
4.759,1.15624e-07
4.76,1.15418e-07
4.761,1.15212e-07
4.762,1.15006e-07
4.763,1.14799e-07
4.764,1.14593e-07
4.765,1.14386e-07
4.766,1.14179e-07
4.767,1.13971e-07
4.768,1.13764e-07
4.769,1.13556e-07
4.77,1.13348e-07
4.771,1.1314e-07
4.772,1.12932e-07
4.773,1.12723e-07
4.774,1.12514e-07
4.775,1.12306e-07
4.776,1.12096e-07
4.777,1.11887e-07
4.778,1.11678e-07
4.779,1.11468e-07
4.78,1.11258e-07
4.781,1.11048e-07
4.782,1.10838e-07
4.783,1.10627e-07
4.784,1.10417e-07
4.785,1.10206e-07
4.786,1.09995e-07
4.787,1.09784e-07
4.788,1.09572e-07
4.789,1.0936e-07
4.79,1.09149e-07
4.791,1.08937e-07
4.792,1.08724e-07
4.793,1.08512e-07
4.794,1.08299e-07
4.795,1.08087e-07
4.796,1.07874e-07
4.797,1.07661e-07
4.798,1.07447e-07
4.799,1.07234e-07
4.8,1.0702e-07
4.801,1.06806e-07
4.802,1.06592e-07
4.803,1.06378e-07
4.804,1.06163e-07
4.805,1.05949e-07
4.806,1.05734e-07
4.807,1.05519e-07
4.808,1.05303e-07
4.809,1.05088e-07
4.81,1.04872e-07
4.811,1.04657e-07
4.812,1.04441e-07
4.813,1.04224e-07
4.814,1.04008e-07
4.815,1.03791e-07
4.816,1.03575e-07
4.817,1.03358e-07
4.818,1.03141e-07
4.819,1.02923e-07
4.82,1.02706e-07
4.821,1.02488e-07
4.822,1.0227e-07
4.823,1.02052e-07
4.824,1.01834e-07
4.825,1.01616e-07
4.826,1.01397e-07
4.827,1.01178e-07
4.828,1.00959e-07
4.829,1.0074e-07
4.83,1.00521e-07
4.831,1.00301e-07
4.832,1.00082e-07
4.833,9.98618e-08
4.834,9.96418e-08
4.835,9.94215e-08
4.836,9.92011e-08
4.837,9.89805e-08
4.838,9.87597e-08
4.839,9.85388e-08
4.84,9.83176e-08
4.841,9.80963e-08
4.842,9.78748e-08
4.843,9.76531e-08
4.844,9.74312e-08
4.845,9.72092e-08
4.846,9.69869e-08
4.847,9.67645e-08
4.848,9.65419e-08
4.849,9.63191e-08
4.85,9.60962e-08
4.851,9.58731e-08
4.852,9.56498e-08
4.853,9.54263e-08
4.854,9.52026e-08
4.855,9.49788e-08
4.856,9.47548e-08
4.857,9.45306e-08
4.858,9.43062e-08
4.859,9.40816e-08
4.86,9.38569e-08
4.861,9.3632e-08
4.862,9.34069e-08
4.863,9.31817e-08
4.864,9.29563e-08
4.865,9.27307e-08
4.866,9.25049e-08
4.867,9.22789e-08
4.868,9.20528e-08
4.869,9.18265e-08
4.87,9.16e-08
4.871,9.13734e-08
4.872,9.11465e-08
4.873,9.09195e-08
4.874,9.06924e-08
4.875,9.0465e-08
4.876,9.02375e-08
4.877,9.00098e-08
4.878,8.9782e-08
4.879,8.95539e-08
4.88,8.93257e-08
4.881,8.90973e-08
4.882,8.88688e-08
4.883,8.86401e-08
4.884,8.84112e-08
4.885,8.81821e-08
4.886,8.79529e-08
4.887,8.77235e-08
4.888,8.74939e-08
4.889,8.72642e-08
4.89,8.70343e-08
4.891,8.68042e-08
4.892,8.6574e-08
4.893,8.63435e-08
4.894,8.6113e-08
4.895,8.58822e-08
4.896,8.56513e-08
4.897,8.54202e-08
4.898,8.51889e-08
4.899,8.49575e-08
4.9,8.47259e-08
4.901,8.44942e-08
4.902,8.42623e-08
4.903,8.40302e-08
4.904,8.37979e-08
4.905,8.35655e-08
4.906,8.33329e-08
4.907,8.31002e-08
4.908,8.28673e-08
4.909,8.26342e-08
4.91,8.24009e-08
4.911,8.21675e-08
4.912,8.1934e-08
4.913,8.17002e-08
4.914,8.14663e-08
4.915,8.12323e-08
4.916,8.0998e-08
4.917,8.07637e-08
4.918,8.05291e-08
4.919,8.02944e-08
4.92,8.00595e-08
4.921,7.98245e-08
4.922,7.95893e-08
4.923,7.93539e-08
4.924,7.91184e-08
4.925,7.88827e-08
4.926,7.86469e-08
4.927,7.84109e-08
4.928,7.81747e-08
4.929,7.79384e-08
4.93,7.77019e-08
4.931,7.74653e-08
4.932,7.72285e-08
4.933,7.69916e-08
4.934,7.67544e-08
4.935,7.65172e-08
4.936,7.62797e-08
4.937,7.60422e-08
4.938,7.58044e-08
4.939,7.55665e-08
4.94,7.53285e-08
4.941,7.50903e-08
4.942,7.48519e-08
4.943,7.46134e-08
4.944,7.43747e-08
4.945,7.41358e-08
4.946,7.38968e-08
4.947,7.36577e-08
4.948,7.34184e-08
4.949,7.31789e-08
4.95,7.29393e-08
4.951,7.26996e-08
4.952,7.24597e-08
4.953,7.22196e-08
4.954,7.19794e-08
4.955,7.1739e-08
4.956,7.14984e-08
4.957,7.12578e-08
4.958,7.10169e-08
4.959,7.07759e-08
4.96,7.05348e-08
4.961,7.02935e-08
4.962,7.00521e-08
4.963,6.98105e-08
4.964,6.95687e-08
4.965,6.93269e-08
4.966,6.90848e-08
4.967,6.88426e-08
4.968,6.86003e-08
4.969,6.83578e-08
4.97,6.81151e-08
4.971,6.78724e-08
4.972,6.76294e-08
4.973,6.73863e-08
4.974,6.71431e-08
4.975,6.68997e-08
4.976,6.66562e-08
4.977,6.64125e-08
4.978,6.61687e-08
4.979,6.59247e-08
4.98,6.56806e-08
4.981,6.54364e-08
4.982,6.5192e-08
4.983,6.49474e-08
4.984,6.47027e-08
4.985,6.44579e-08
4.986,6.42129e-08
4.987,6.39677e-08
4.988,6.37225e-08
4.989,6.3477e-08
4.99,6.32315e-08
4.991,6.29858e-08
4.992,6.27399e-08
4.993,6.24939e-08
4.994,6.22478e-08
4.995,6.20015e-08
4.996,6.17551e-08
4.997,6.15085e-08
4.998,6.12618e-08
4.999,6.1015e-08
5,6.0768e-08
5.001,6.05209e-08
